1 18559.7 16 18350.7 209.0
2 18484.5 17 18275.2 209.3
3 18408.3 18 18195.4 212.9
4 18330.5 19 18115.1 215.4
5 18246.5 20 18029.7 216.8
8 18162.0 21 17948.0 214.0
7 18075.8 22 17863.9 211.9
8 17987.6 23 17777.7 31 17569.6 208.9 208.1
9 17898.2 24 17688.9 32 17477.1 209.3 211.8
10 17810.2 25 17598.2 33 17387.1 212.0 211.1
11 17717.8 26 17504.3 34 17292.4 213.6 211.9
12 17621.9 27 17407.0 35 17196.9 214.9 210.1
13 17524.2 28 17309.6 36 17098.4 214.6 211.2
14 17425.3 29 17211.7 37 16999.2 213.6 212.5
15 17323.5 30 17108.6 38 16985.8 214.9 212.8