fitting info
============
χ²:		2056.44528946
DoF:	370
χ²/DoF:	5.55796024178
p-value:	0.0	r

parameters
==========
0	#tau	132.814260686	±	0.218476277314
1	#phi	1.69091473216	±	0.000892448801444
2	A	-0.0122915418424	±	2.2967886488e-05
3	a	0.130486919994	±	0.0
4	b	-0.00839558825245	±	3.84145699557e-05
5	c	1.34475908722	±	0.000892479434484

covariance matrix
=================
0.0477318837488	5.02166254007e-05	4.68195579496e-06	2.42978729535e-06	-0.000129681484174
5.02166254007e-05	7.96464863198e-07	6.36493005585e-09	2.85758307248e-08	-3.78037953855e-07
4.68195579496e-06	6.36493005585e-09	5.27523809724e-10	3.15642998047e-10	-1.75435073895e-08
2.42978729535e-06	2.85758307248e-08	3.15642998047e-10	1.47567918488e-09	-1.52632005521e-08
-0.000129681484174	-3.78037953855e-07	-1.75435073895e-08	-1.52632005521e-08	7.96519540978e-07

correlation matrix
==================
1.0	0.257549034815	0.933043708375	0.289512949666	-0.665082419075
0.257549034815	1.0	0.310519795741	0.833526819569	-0.474628568976
0.933043708375	0.310519795741	1.0	0.357749595128	-0.855849051334
0.289512949666	0.833526819569	0.357749595128	1.0	-0.445196168097
-0.665082419075	-0.474628568976	-0.855849051334	-0.445196168097	1.0

