fitting info
============
χ²:		2115.69874054
DoF:	370
χ²/DoF:	5.71810470417
p-value:	0.0	r

parameters
==========
0	#tau	110.842866689	±	0.150904679268
1	#phi	-0.00542751865425	±	0.000224288700235
2	A	-0.0478152262647	±	7.92585647803e-05
3	a	0.130486919994	±	0.0
4	b	-0.00818212973925	±	3.27692268355e-05
5	c	1.12121805767	±	0.000623639005613

covariance matrix
=================
0.0227722222249	3.23042038504e-06	1.12252568436e-05	-1.57251216847e-07	5.98923120014e-05
3.23042038504e-06	5.03054210529e-08	1.15318504747e-09	6.25141181682e-09	1.08740347818e-08
1.12252568436e-05	1.15318504747e-09	6.28192009103e-09	-1.43785671535e-10	1.80945239289e-08
-1.57251216847e-07	6.25141181682e-09	-1.43785671535e-10	1.07382222739e-09	8.94343427956e-10
5.98923120014e-05	1.08740347818e-08	1.80945239289e-08	8.94343427956e-10	3.88925609323e-07

correlation matrix
==================
1.0	0.0954440679692	0.938528307913	-0.0317998530818	0.636407224764
0.0954440679692	1.0	0.0648702250419	0.850559149185	0.0777409875539
0.938528307913	0.0648702250419	1.0	-0.0553609088946	0.36607299043
-0.0317998530818	0.850559149185	-0.0553609088946	1.0	0.043762775207
0.636407224764	0.0777409875539	0.36607299043	0.043762775207	1.0

