fitting info
============
χ²:		848.518087947
DoF:	182
χ²/DoF:	4.66218729641
p-value:	0.0	r

parameters
==========
0	#tau	115.86305752	±	0.233946288577
1	#phi	0.639892588004	±	0.00254196230191
2	A	0.0238587956878	±	5.11929414465e-05
3	a	0.130486919994	±	0.0
4	b	-0.00851563155439	±	8.56552667891e-05
5	c	-0.293085913147	±	0.00216471278204

covariance matrix
=================
0.0547308659387	-0.000352266109658	-6.75503065973e-06	-1.02430213452e-05	0.00038426547614
-0.000352266109658	6.46157234434e-06	-3.7988251432e-08	2.113764809e-07	-4.91742898392e-06
-6.75503065973e-06	-3.7988251432e-08	2.62071725394e-09	-1.63759626785e-09	-9.11455805773e-09
-1.02430213452e-05	2.113764809e-07	-1.63759626785e-09	7.3368247287e-09	-1.48657230628e-07
0.00038426547614	-4.91742898392e-06	-9.11455805773e-09	-1.48657230628e-07	4.68598142872e-06

correlation matrix
==================
1.0	-0.592359827361	-0.564028541101	-0.511161158635	0.758778342089
-0.592359827361	1.0	-0.291924210451	0.970808310973	-0.893652571915
-0.564028541101	-0.291924210451	1.0	-0.373458788296	-0.0822479818147
-0.511161158635	0.970808310973	-0.373458788296	1.0	-0.801736552594
0.758778342089	-0.893652571915	-0.0822479818147	-0.801736552594	1.0

