fitting info
============
χ²:		1463.60167288
DoF:	369
χ²/DoF:	3.96640019751
p-value:	0.0	r

parameters
==========
0	#tau	129.328224183	±	0.212439374929
1	#phi	1.67986695776	±	0.000899784088506
2	A	-0.0127585532148	±	2.41429321395e-05
3	a	0.130486919994	±	0.0
4	b	-0.00883303184623	±	3.92783891252e-05
5	c	1.34406176362	±	0.000934871984473

covariance matrix
=================
0.0451304880204	4.9077387237e-05	4.79251023617e-06	2.39440224909e-06	-0.000134730597036
4.9077387237e-05	8.09611405929e-07	6.9278929818e-09	2.96240385067e-08	-4.05193434842e-07
4.79251023617e-06	6.9278929818e-09	5.82881172295e-10	3.44104485689e-10	-1.95184597735e-08
2.39440224909e-06	2.96240385067e-08	3.44104485689e-10	1.54279185227e-09	-1.66008279359e-08
-0.000134730597036	-4.05193434842e-07	-1.95184597735e-08	-1.66008279359e-08	8.73985627352e-07

correlation matrix
==================
1.0	0.256748615276	0.934411168253	0.286951453255	-0.678389432287
0.256748615276	1.0	0.318913458748	0.838208935641	-0.481694786353
0.934411168253	0.318913458748	1.0	0.36286631307	-0.86477551554
0.286951453255	0.838208935641	0.36286631307	1.0	-0.452088994181
-0.678389432287	-0.481694786353	-0.86477551554	-0.452088994181	1.0

