fitting info
============
χ²:		983.048047281
DoF:	374
χ²/DoF:	2.62847071466

parameters
==========
0	#tau	112.31682064	±	0.232708735523
1	#phi	-1.44903987529	±	0.00157857541811
2	A	-0.0108220592192	±	3.33000760204e-05
3	a	0.130486919994	±	0.0
4	b	-0.00773199554705	±	5.17311405772e-05
5	c	1.35172441908	±	0.0015787410848

covariance matrix
=================
0.0541533555888	8.77377247855e-05	7.40844908927e-06	1.51069626604e-06	-0.000295748907318
8.77377247855e-05	2.49190035066e-06	8.70468597147e-09	7.49766754338e-08	-5.31232163956e-07
7.40844908927e-06	8.70468597147e-09	1.10889506296e-09	1.0479642963e-10	-4.90837516391e-08
1.51069626604e-06	7.49766754338e-08	1.0479642963e-10	2.67611090542e-09	-9.93299722345e-09
-0.000295748907318	-5.31232163956e-07	-4.90837516391e-08	-9.93299722345e-09	2.49242341283e-06

correlation matrix
==================
1.0	0.238840705943	0.9560253088	0.125490952453	-0.805006804439
0.238840705943	1.0	0.165593218654	0.918139749207	-0.213161179766
0.9560253088	0.165593218654	1.0	0.0608343970259	-0.93364465203
0.125490952453	0.918139749207	0.0608343970259	1.0	-0.121623458545
-0.805006804439	-0.213161179766	-0.93364465203	-0.121623458545	1.0

