fitting info
============
χ²:		323.183068197
DoF:	369
χ²/DoF:	0.875834873162
p-value:	0.0411866812026	l

parameters
==========
0	#tau	128.783452804	±	0.472668417462
1	#phi	1.68912598762	±	0.00210310319977
2	A	-0.0126938944564	±	5.37753252007e-05
3	a	0.130486919994	±	0.0
4	b	-0.00879337255884	±	8.65551337762e-05
5	c	1.33400505262	±	0.00231450401202

covariance matrix
=================
0.223415432866	0.000228533770087	2.34235484604e-05	8.09237528232e-06	-0.00074642847545
0.000228533770087	4.4230430689e-06	2.68967967731e-08	1.58315904482e-07	-1.622153784e-06
2.34235484604e-05	2.68967967731e-08	2.89178560044e-09	9.69132399951e-10	-1.1030820739e-07
8.09237528232e-06	1.58315904482e-07	9.69132399951e-10	7.49179118301e-09	-5.55856342705e-08
-0.00074642847545	-1.622153784e-06	-1.1030820739e-07	-5.55856342705e-08	5.35692882166e-06

correlation matrix
==================
1.0	0.229896952991	0.921537594822	0.1978001416	-0.682297336947
0.229896952991	1.0	0.237824685978	0.869703324859	-0.333252565831
0.921537594822	0.237824685978	1.0	0.20821270951	-0.886271621965
0.1978001416	0.869703324859	0.20821270951	1.0	-0.277467292096
-0.682297336947	-0.333252565831	-0.886271621965	-0.277467292096	1.0

