fitting info
============
χ²:		5527.82417753
DoF:	141
χ²/DoF:	39.204426791

parameters
==========
0	#tau	150.474574096	±	0.502682179288
1	#phi	0.381195713483	±	0.00489981412098
2	A	0.0170255643636	±	7.60937178242e-05
3	a	0.130486919994	±	0.0
4	b	-0.0140203160725	±	0.000160608015677
5	c	-0.0493588719498	±	0.00179261864012

covariance matrix
=================
0.252689373373	-0.00156313038941	-4.82137360775e-06	-5.27029732245e-05	0.000681027264966
-0.00156313038941	2.40081784202e-05	-2.49658147588e-07	7.81710119909e-07	-8.60488926568e-06
-4.82137360775e-06	-2.49658147588e-07	5.79025389231e-09	-7.77776877333e-09	7.26532967396e-08
-5.27029732245e-05	7.81710119909e-07	-7.77776877333e-09	2.57949346997e-08	-2.78682785302e-07
0.000681027264966	-8.60488926568e-06	7.26532967396e-08	-2.78682785302e-07	3.21348158891e-06

correlation matrix
==================
1.0	-0.634632212683	-0.126045833197	-0.652791379854	0.755758607283
-0.634632212683	1.0	-0.669602914433	0.993342261783	-0.979665406862
-0.126045833197	-0.669602914433	1.0	-0.636412949307	0.532621402876
-0.652791379854	0.993342261783	-0.636412949307	1.0	-0.967954666815
0.755758607283	-0.979665406862	0.532621402876	-0.967954666815	1.0

