fitting info
============
χ²:		2002.47310229
DoF:	370
χ²/DoF:	5.41208946564
p-value:	0.0	r

parameters
==========
0	#tau	106.177158086	±	0.228558695371
1	#phi	-0.00665231465227	±	0.000347260862445
2	A	-0.0362248452572	±	9.7818396975e-05
3	a	0.130486919994	±	0.0
4	b	-0.0072768609143	±	5.36602138372e-05
5	c	0.748283676242	±	0.000643050519698

covariance matrix
=================
0.0522390772298	9.28163079209e-06	2.12101128658e-05	2.11505977016e-06	8.89379990972e-05
9.28163079209e-06	1.20590106586e-07	5.396265347e-09	1.58905210171e-08	2.81857950682e-09
2.12101128658e-05	5.396265347e-09	9.56843878677e-09	1.11842676092e-09	2.25554432408e-08
2.11505977016e-06	1.58905210171e-08	1.11842676092e-09	2.87941854905e-09	1.2438728063e-10
8.89379990972e-05	2.81857950682e-09	2.25554432408e-08	1.2438728063e-10	4.13513970884e-07

correlation matrix
==================
1.0	0.116942049523	0.948690801569	0.17245369235	0.605124187653
0.116942049523	1.0	0.158860862404	0.852766043072	0.0126220343254
0.948690801569	0.158860862404	1.0	0.213076036425	0.35857972592
0.17245369235	0.852766043072	0.213076036425	1.0	0.00360477764205
0.605124187653	0.0126220343254	0.35857972592	0.00360477764205	1.0

