fitting info
============
χ²:		356.423344257
DoF:	183
χ²/DoF:	1.94766854785
p-value:	2.92099677779e-13	r

parameters
==========
0	#tau	104.550427497	±	0.428004491351
1	#phi	0.675378557647	±	0.00577222471029
2	A	0.0139952277308	±	6.01233047894e-05
3	a	0.130486919994	±	0.0
4	b	-0.00512293757268	±	0.000201907938456
5	c	-0.198003879768	±	0.00277920958633

covariance matrix
=================
0.183187844617	-0.00152995987703	-1.37634915329e-05	-4.63568062663e-05	0.000922772627948
-0.00152995987703	3.33185781061e-05	-1.03682553356e-07	1.13772481204e-06	-1.47543287867e-05
-1.37634915329e-05	-1.03682553356e-07	3.6148117788e-09	-4.68601386334e-09	-5.62449753696e-09
-4.63568062663e-05	1.13772481204e-06	-4.68601386334e-09	4.07668156116e-08	-4.73879517889e-07
0.000922772627948	-1.47543287867e-05	-5.62449753696e-09	-4.73879517889e-07	7.72400592475e-06

correlation matrix
==================
1.0	-0.619282040764	-0.534856710837	-0.536428430041	0.775755883628
-0.619282040764	1.0	-0.298758045687	0.97620405049	-0.919718512649
-0.534856710837	-0.298758045687	1.0	-0.386017799057	-0.0336604244044
-0.536428430041	0.97620405049	-0.386017799057	1.0	-0.844487536405
0.775755883628	-0.919718512649	-0.0336604244044	-0.844487536405	1.0

