Vernier Format 2
Ge_Fehler_MaxAbs.cmbl 06.10.2014 13:00:58 ,
Latest
Time	Potential	Pyro	Sample	Wellenlänge	Energie
t	Pot	Pot	Pot	Lambda	E
s	°	V	V	nm	eV

0	29,952783282	0,030525	0,831502	1650,37896857	0,750736663275
0,5	29,88758026	0,032967	0,811966	1647,11866076	0,752222671942
1	29,88758026	0,019536	0,842491	1647,11866076	0,752222671942
1,5	29,88758026	0,030525	0,818071	1647,11866076	0,752222671942
2	29,88758026	0,0805861	0,821734	1647,11866076	0,752222671942
2,5	29,88758026	0,00610501	0,827839	1647,11866076	0,752222671942
3	29,88758026	0,0598291	0,793651	1647,11866076	0,752222671942
3,5	29,88758026	0,02442	0,840049	1647,11866076	0,752222671942
4	29,952783282	0,0598291	0,81685	1650,37896857	0,750736663275
4,5	29,88758026	0,0720391	0,821734	1647,11866076	0,752222671942
5	29,88758026	0,00732601	0,826618	1647,11866076	0,752222671942
5,5	29,88758026	0,032967	0,807082	1647,11866076	0,752222671942
6	29,88758026	0,030525	0,822955	1647,11866076	0,752222671942
6,5	29,88758026	0,0598291	0,789988	1647,11866076	0,752222671942
7	29,952783282	0,026862	0,844933	1650,37896857	0,750736663275
7,5	29,88758026	0,0598291	0,807082	1647,11866076	0,752222671942
8	29,952783282	0,00976801	0,835165	1650,37896857	0,750736663275
8,5	29,88758026	0,037851	0,802198	1647,11866076	0,752222671942
9	29,952783282	0,021978	0,837607	1650,37896857	0,750736663275
9,5	29,88758026	0,045177	0,810745	1647,11866076	0,752222671942
10	29,88758026	0,0757021	0,835165	1647,11866076	0,752222671942
10,5	29,88758026	0,045177	0,82906	1647,11866076	0,752222671942
11	29,952783282	0,0647131	0,831502	1650,37896857	0,750736663275
11,5	29,88758026	0,00854701	0,811966	1647,11866076	0,752222671942
12	29,88758026	0,041514	0,832723	1647,11866076	0,752222671942
12,5	29,88758026	0,0634921	0,809524	1647,11866076	0,752222671942
13	29,88758026	0,0512821	0,843712	1647,11866076	0,752222671942
13,5	29,88758026	0,00976801	0,831502	1647,11866076	0,752222671942
14	29,88758026	0,0586081	0,821734	1647,11866076	0,752222671942
14,5	29,88758026	0,015873	0,809524	1647,11866076	0,752222671942
15	29,88758026	0,040293	0,809524	1647,11866076	0,752222671942
15,5	29,88758026	0,025641	0,832723	1647,11866076	0,752222671942
16	29,952783282	0,04884	0,809524	1650,37896857	0,750736663275
16,5	29,88758026	0,046398	0,848596	1647,11866076	0,752222671942
17	29,952783282	0,046398	0,799756	1650,37896857	0,750736663275
17,5	29,88758026	0,025641	0,830281	1647,11866076	0,752222671942
18	29,952783282	0,04884	0,797314	1650,37896857	0,750736663275
18,5	29,88758026	0,029304	0,831502	1647,11866076	0,752222671942
19	29,952783282	0,0500611	0,810745	1650,37896857	0,750736663275
19,5	29,88758026	0,020757	0,846154	1647,11866076	0,752222671942
20	29,952783282	0,0634921	0,798535	1650,37896857	0,750736663275
20,5	29,88758026	0,017094	0,826618	1647,11866076	0,752222671942
21	29,88758026	0,042735	0,796093	1647,11866076	0,752222671942
21,5	29,88758026	0,025641	0,84127	1647,11866076	0,752222671942
22	29,88758026	0,0586081	0,826618	1647,11866076	0,752222671942
22,5	29,88758026	0,017094	0,836386	1647,11866076	0,752222671942
23	29,88758026	0,0634921	0,80464	1647,11866076	0,752222671942
23,5	29,88758026	0,025641	0,842491	1647,11866076	0,752222671942
24	29,88758026	0,045177	0,805861	1647,11866076	0,752222671942
24,5	29,88758026	0,043956	0,835165	1647,11866076	0,752222671942
25	29,88758026	0,043956	0,822955	1647,11866076	0,752222671942
25,5	29,88758026	0,010989	0,84127	1647,11866076	0,752222671942
26	29,952783282	0,0610501	0,799756	1650,37896857	0,750736663275
26,5	29,88758026	0,030525	0,830281	1647,11866076	0,752222671942
27	29,88758026	0,043956	0,807082	1647,11866076	0,752222671942
27,5	29,952783282	0,028083	0,852259	1650,37896857	0,750736663275
28	29,952783282	0,0720391	0,819292	1650,37896857	0,750736663275
28,5	29,88758026	0,00732601	0,830281	1647,11866076	0,752222671942
29	29,952783282	0,0683761	0,813187	1650,37896857	0,750736663275
29,5	29,88758026	0,00732601	0,824176	1647,11866076	0,752222671942
30	29,952783282	0,0573871	0,831502	1650,37896857	0,750736663275
30,5	29,88758026	0,026862	0,833944	1647,11866076	0,752222671942
31	29,88758026	0,0634921	0,825397	1647,11866076	0,752222671942
31,5	29,88758026	0,01221	0,793651	1647,11866076	0,752222671942
32	29,952783282	0,018315	0,836386	1650,37896857	0,750736663275
32,5	29,88758026	0,030525	0,808303	1647,11866076	0,752222671942
33	29,952783282	0,046398	0,847375	1650,37896857	0,750736663275
33,5	29,88758026	0,0659341	0,800977	1647,11866076	0,752222671942
34	29,88758026	0,01221	0,830281	1647,11866076	0,752222671942
34,5	29,88758026	0,028083	0,786325	1647,11866076	0,752222671942
35	29,952783282	0,0573871	0,847375	1650,37896857	0,750736663275
35,5	29,952783282	0,0647131	0,805861	1650,37896857	0,750736663275
36	29,88758026	0,032967	0,835165	1647,11866076	0,752222671942
36,5	29,952783282	0,0598291	0,810745	1650,37896857	0,750736663275
37	29,88758026	0,00976801	0,824176	1647,11866076	0,752222671942
37,5	29,88758026	0,035409	0,787546	1647,11866076	0,752222671942
38	29,88758026	0,017094	0,842491	1647,11866076	0,752222671942
38,5	29,88758026	0,045177	0,824176	1647,11866076	0,752222671942
39	29,88758026	0,029304	0,837607	1647,11866076	0,752222671942
39,5	29,88758026	0,0769231	0,814408	1647,11866076	0,752222671942
40	29,952783282	0,025641	0,818071	1650,37896857	0,750736663275
40,5	29,88758026	0,035409	0,803419	1647,11866076	0,752222671942
41	29,88758026	0,029304	0,835165	1647,11866076	0,752222671942
41,5	29,88758026	0,0683761	0,815629	1647,11866076	0,752222671942
42	29,952783282	0,018315	0,843712	1650,37896857	0,750736663275
42,5	29,88758026	0,0634921	0,79243	1647,11866076	0,752222671942
43	29,952783282	0,01221	0,830281	1650,37896857	0,750736663275
43,5	29,88758026	0,030525	0,807082	1647,11866076	0,752222671942
44	29,952783282	0,018315	0,840049	1650,37896857	0,750736663275
44,5	29,88758026	0,0573871	0,808303	1647,11866076	0,752222671942
45	29,88758026	0,021978	0,837607	1647,11866076	0,752222671942
45,5	29,88758026	0,0525031	0,800977	1647,11866076	0,752222671942
46	29,88758026	0,031746	0,826618	1647,11866076	0,752222671942
46,5	29,88758026	0,047619	0,809524	1647,11866076	0,752222671942
47	29,88758026	0,015873	0,836386	1647,11866076	0,752222671942
47,5	29,88758026	0,03663	0,818071	1647,11866076	0,752222671942
48	29,952783282	0,00732601	0,826618	1650,37896857	0,750736663275
48,5	29,88758026	0,037851	0,79243	1647,11866076	0,752222671942
49	29,88758026	0,00854701	0,825397	1647,11866076	0,752222671942
49,5	29,88758026	0,0744811	0,810745	1647,11866076	0,752222671942
50	29,952783282	0,023199	0,833944	1650,37896857	0,750736663275
50,5	29,88758026	0,0634921	0,818071	1647,11866076	0,752222671942
51	29,88758026	0,00854701	0,827839	1647,11866076	0,752222671942
51,5	29,88758026	0,0561661	0,810745	1647,11866076	0,752222671942
52	29,88758026	0,00854701	0,819292	1647,11866076	0,752222671942
52,5	29,88758026	0,0549451	0,843712	1647,11866076	0,752222671942
53	29,952783282	0,023199	0,805861	1650,37896857	0,750736663275
53,5	29,952783282	0,0586081	0,833944	1650,37896857	0,750736663275
54	29,88758026	0,034188	0,791209	1647,11866076	0,752222671942
54,5	29,88758026	0,031746	0,832723	1647,11866076	0,752222671942
55	29,88758026	0,043956	0,810745	1647,11866076	0,752222671942
55,5	29,88758026	0,013431	0,835165	1647,11866076	0,752222671942
56	29,88758026	0,0793651	0,833944	1647,11866076	0,752222671942
56,5	29,88758026	0,00610501	0,810745	1647,11866076	0,752222671942
57	29,88758026	0,021978	0,835165	1647,11866076	0,752222671942
57,5	29,88758026	0,029304	0,796093	1647,11866076	0,752222671942
58	29,88758026	0,0500611	0,859585	1647,11866076	0,752222671942
58,5	29,88758026	0,034188	0,811966	1647,11866076	0,752222671942
59	29,88758026	0,032967	0,838828	1647,11866076	0,752222671942
59,5	29,88758026	0,0512821	0,799756	1647,11866076	0,752222671942
60	29,88758026	0,00854701	0,820513	1647,11866076	0,752222671942
60,5	29,88758026	0,047619	0,848596	1647,11866076	0,752222671942
61	29,952783282	0,03663	0,813187	1650,37896857	0,750736663275
61,5	29,88758026	0,03663	0,822955	1647,11866076	0,752222671942
62	29,952783282	0,030525	0,802198	1650,37896857	0,750736663275
62,5	29,88758026	0,030525	0,842491	1647,11866076	0,752222671942
63	29,952783282	0,0695971	0,815629	1650,37896857	0,750736663275
63,5	29,88758026	0,0537241	0,846154	1647,11866076	0,752222671942
64	29,952783282	0,0866911	0,805861	1650,37896857	0,750736663275
64,5	29,88758026	0,00976801	0,822955	1647,11866076	0,752222671942
65	29,88758026	0,0512821	0,799756	1647,11866076	0,752222671942
65,5	29,88758026	0,021978	0,826618	1647,11866076	0,752222671942
66	29,88758026	0,042735	0,833944	1647,11866076	0,752222671942
66,5	29,88758026	0,031746	0,799756	1647,11866076	0,752222671942
67	29,88758026	0,03663	0,826618	1647,11866076	0,752222671942
67,5	29,88758026	0,028083	0,799756	1647,11866076	0,752222671942
68	29,88758026	0,021978	0,846154	1647,11866076	0,752222671942
68,5	29,88758026	0,0647131	0,807082	1647,11866076	0,752222671942
69	29,952783282	0,0525031	0,831502	1650,37896857	0,750736663275
69,5	29,88758026	0,0500611	0,803419	1647,11866076	0,752222671942
70	29,952783282	0,00732601	0,813187	1650,37896857	0,750736663275
70,5	29,88758026	0,0500611	0,832723	1647,11866076	0,752222671942
71	29,952783282	0,032967	0,815629	1650,37896857	0,750736663275
71,5	29,952783282	0,023199	0,843712	1650,37896857	0,750736663275
72	29,88758026	0,045177	0,800977	1647,11866076	0,752222671942
72,5	29,88758026	0,00854701	0,811966	1647,11866076	0,752222671942
73	29,88758026	0,0549451	0,82906	1647,11866076	0,752222671942
73,5	29,88758026	0,020757	0,822955	1647,11866076	0,752222671942
74	29,88758026	0,0610501	0,831502	1647,11866076	0,752222671942
74,5	29,88758026	0,02442	0,800977	1647,11866076	0,752222671942
75	29,88758026	0,0610501	0,822955	1647,11866076	0,752222671942
75,5	29,88758026	0,0634921	0,796093	1647,11866076	0,752222671942
76	29,952783282	0,018315	0,854701	1650,37896857	0,750736663275
76,5	29,88758026	0,0573871	0,824176	1647,11866076	0,752222671942
77	29,952783282	0,029304	0,813187	1650,37896857	0,750736663275
77,5	29,88758026	0,023199	0,818071	1647,11866076	0,752222671942
78	29,952783282	0,010989	0,80464	1650,37896857	0,750736663275
78,5	29,952783282	0,037851	0,848596	1650,37896857	0,750736663275
79	29,952783282	0,04884	0,800977	1650,37896857	0,750736663275
79,5	29,88758026	0,00610501	0,843712	1647,11866076	0,752222671942
80	29,952783282	0,029304	0,788767	1650,37896857	0,750736663275
80,5	29,88758026	0,018315	0,835165	1647,11866076	0,752222671942
81	29,88758026	0,0598291	0,838828	1647,11866076	0,752222671942
81,5	29,88758026	0,020757	0,819292	1647,11866076	0,752222671942
82	29,952783282	0,04884	0,832723	1650,37896857	0,750736663275
82,5	29,952783282	0,039072	0,793651	1650,37896857	0,750736663275
83	29,952783282	0,018315	0,831502	1650,37896857	0,750736663275
83,5	29,88758026	0,0647131	0,800977	1647,11866076	0,752222671942
84	29,952783282	0,015873	0,832723	1650,37896857	0,750736663275
84,5	29,952783282	0,0525031	0,821734	1650,37896857	0,750736663275
85	29,88758026	0,00854701	0,802198	1647,11866076	0,752222671942
85,5	29,88758026	0,040293	0,826618	1647,11866076	0,752222671942
86	29,952783282	0,031746	0,805861	1650,37896857	0,750736663275
86,5	29,952783282	0,0744811	0,843712	1650,37896857	0,750736663275
87	29,952783282	0,02442	0,814408	1650,37896857	0,750736663275
87,5	29,88758026	0,021978	0,82906	1647,11866076	0,752222671942
88	29,952783282	0,035409	0,789988	1650,37896857	0,750736663275
88,5	29,88758026	0,015873	0,827839	1647,11866076	0,752222671942
89	29,952783282	0,0647131	0,819292	1650,37896857	0,750736663275
89,5	29,88758026	0,02442	0,81685	1647,11866076	0,752222671942
90	29,88758026	0,0537241	0,831502	1647,11866076	0,752222671942
90,5	29,88758026	0,023199	0,786325	1647,11866076	0,752222671942
91	29,952783282	0,032967	0,827839	1650,37896857	0,750736663275
91,5	29,88758026	0,0671551	0,805861	1647,11866076	0,752222671942
92	29,88758026	0,010989	0,837607	1647,11866076	0,752222671942
92,5	29,88758026	0,0622711	0,809524	1647,11866076	0,752222671942
93	29,952783282	0,018315	0,80464	1650,37896857	0,750736663275
93,5	29,88758026	0,0573871	0,842491	1647,11866076	0,752222671942
94	29,952783282	0,042735	0,811966	1650,37896857	0,750736663275
94,5	29,88758026	0,023199	0,848596	1647,11866076	0,752222671942
95	29,88758026	0,034188	0,805861	1647,11866076	0,752222671942
95,5	29,88758026	0,019536	0,831502	1647,11866076	0,752222671942
96	29,952783282	0,037851	0,786325	1650,37896857	0,750736663275
96,5	29,88758026	0,00854701	0,851038	1647,11866076	0,752222671942
97	29,952783282	0,0744811	0,815629	1650,37896857	0,750736663275
97,5	29,88758026	0,02442	0,840049	1647,11866076	0,752222671942
98	29,952783282	0,0695971	0,810745	1650,37896857	0,750736663275
98,5	29,88758026	0,00854701	0,833944	1647,11866076	0,752222671942
99	29,88758026	0,0830281	0,837607	1647,11866076	0,752222671942
99,5	29,88758026	0,014652	0,820513	1647,11866076	0,752222671942
100	29,88758026	0,03663	0,840049	1647,11866076	0,752222671942
Vernier Format 2
Ge_Fehler_MaxAbs.cmbl 06.10.2014 13:00:58 ,
Latest 3
Time	Winkel	Pyro	Sample	Wellenlänge	Energie
t	Pot	Pot	Pot	Lambda	E
s	°	V	V	nm	eV

 	 	 	 	 	 
Vernier Format 2
Ge_Fehler_MaxAbs.cmbl 06.10.2014 13:00:58 ,
Latest 4
Time	Winkel	Pyro	Sample	Wellenlänge	Energie
t	Pot	Pot	Pot	Lambda	E
s	°	V	V	nm	eV

 	 	 	 	 	 
