Vernier Format 2
Ge_Fehler_MaxTrans.cmbl 06.10.2014 12:58:14 ,
Latest
Time	Potential	Pyro	Sample	Wellenlänge	Energie
t	Pot	Pot	Pot	Lambda	E
s	°	V	V	nm	eV

0	36,021474387	1,04151	0,0561661	1943,91287659	0,637374243939
0,5	36,021474387	1,01221	0,0573871	1943,91287659	0,637374243939
1	36,021474387	1,02808	0,045177	1943,91287659	0,637374243939
1,5	36,021474387	1,01099	0,0781441	1943,91287659	0,637374243939
2	36,021474387	1,0293	0,03663	1943,91287659	0,637374243939
2,5	36,021474387	1,0293	0,0634921	1943,91287659	0,637374243939
3	36,021474387	0,980464	0,046398	1943,91287659	0,637374243939
3,5	36,021474387	1,03053	0,043956	1943,91287659	0,637374243939
4	36,021474387	0,998779	0,0866911	1943,91287659	0,637374243939
4,5	36,021474387	0,989011	0,0549451	1943,91287659	0,637374243939
5	36,021474387	1,04029	0,0622711	1943,91287659	0,637374243939
5,5	36,021474387	0,993895	0,0610501	1943,91287659	0,637374243939
6	36,021474387	0,997558	0,040293	1943,91287659	0,637374243939
6,5	36,021474387	1,02564	0,0622711	1943,91287659	0,637374243939
7	36,021474387	0,970696	0,0671551	1943,91287659	0,637374243939
7,5	36,021474387	1,02076	0,041514	1943,91287659	0,637374243939
8	36,021474387	1,03419	0,0683761	1943,91287659	0,637374243939
8,5	36,021474387	0,980464	0,04884	1943,91287659	0,637374243939
9	36,021474387	1,03419	0,041514	1943,91287659	0,637374243939
9,5	36,021474387	0,993895	0,0525031	1943,91287659	0,637374243939
10	36,021474387	1,02808	0,035409	1943,91287659	0,637374243939
10,5	36,021474387	1,02564	0,0757021	1943,91287659	0,637374243939
11	36,021474387	0,979243	0,0598291	1943,91287659	0,637374243939
11,5	36,021474387	1,06105	0,0622711	1943,91287659	0,637374243939
12	36,021474387	1,01099	0,0732601	1943,91287659	0,637374243939
12,5	36,021474387	1,00244	0,039072	1943,91287659	0,637374243939
13	36,021474387	1,02442	0,043956	1943,91287659	0,637374243939
13,5	36,021474387	0,98779	0,0671551	1943,91287659	0,637374243939
14	36,021474387	1,00733	0,0512821	1943,91287659	0,637374243939
14,5	36,021474387	1,02686	0,0659341	1943,91287659	0,637374243939
15	36,021474387	1,00611	0,0634921	1943,91287659	0,637374243939
15,5	36,021474387	1,04274	0,0525031	1943,91287659	0,637374243939
16	36,021474387	1,00855	0,0659341	1943,91287659	0,637374243939
16,5	36,021474387	1,01954	0,030525	1943,91287659	0,637374243939
17	36,021474387	1,00244	0,046398	1943,91287659	0,637374243939
17,5	36,021474387	0,980464	0,0549451	1943,91287659	0,637374243939
18	36,021474387	1,03663	0,0622711	1943,91287659	0,637374243939
18,5	36,021474387	1,01221	0,0757021	1943,91287659	0,637374243939
19	36,021474387	1,00488	0,042735	1943,91287659	0,637374243939
19,5	36,021474387	1,03663	0,047619	1943,91287659	0,637374243939
20	36,021474387	0,992674	0,0598291	1943,91287659	0,637374243939
20,5	36,021474387	1,05495	0,045177	1943,91287659	0,637374243939
21	36,021474387	0,985348	0,0769231	1943,91287659	0,637374243939
21,5	36,021474387	1,03541	0,045177	1943,91287659	0,637374243939
22	36,021474387	1,04274	0,0732601	1943,91287659	0,637374243939
22,5	36,021474387	0,989011	0,0586081	1943,91287659	0,637374243939
23	36,021474387	1,02808	0,039072	1943,91287659	0,637374243939
23,5	36,021474387	0,997558	0,0634921	1943,91287659	0,637374243939
24	36,021474387	1,00977	0,02442	1943,91287659	0,637374243939
24,5	36,021474387	1,01221	0,0757021	1943,91287659	0,637374243939
25	36,021474387	0,997558	0,0573871	1943,91287659	0,637374243939
25,5	36,021474387	1,0293	0,0598291	1943,91287659	0,637374243939
26	36,021474387	1,00855	0,0512821	1943,91287659	0,637374243939
26,5	36,021474387	1,0293	0,04884	1943,91287659	0,637374243939
27	36,021474387	0,96337	0,0549451	1943,91287659	0,637374243939
27,5	36,021474387	1,03297	0,034188	1943,91287659	0,637374243939
28	36,021474387	1,00366	0,0781441	1943,91287659	0,637374243939
28,5	36,021474387	1,0232	0,0512821	1943,91287659	0,637374243939
29	36,021474387	1,01465	0,0659341	1943,91287659	0,637374243939
29,5	36,021474387	0,997558	0,042735	1943,91287659	0,637374243939
30	36,021474387	1,00733	0,0622711	1943,91287659	0,637374243939
30,5	36,021474387	1,00488	0,037851	1943,91287659	0,637374243939
31	36,021474387	1,05128	0,040293	1943,91287659	0,637374243939
31,5	36,021474387	1,00855	0,0818071	1943,91287659	0,637374243939
32	36,021474387	1,02564	0,046398	1943,91287659	0,637374243939
32,5	36,021474387	0,996337	0,0757021	1943,91287659	0,637374243939
33	36,021474387	0,996337	0,030525	1943,91287659	0,637374243939
33,5	36,021474387	1,0232	0,0610501	1943,91287659	0,637374243939
34	36,021474387	1,00244	0,045177	1943,91287659	0,637374243939
34,5	36,021474387	1,03785	0,0634921	1943,91287659	0,637374243939
35	36,08721186	1,00977	0,0647131	1946,97895025	0,636370516406
35,5	36,021474387	1,03785	0,047619	1943,91287659	0,637374243939
36	36,021474387	1,00611	0,0757021	1943,91287659	0,637374243939
36,5	36,021474387	1,03175	0,031746	1943,91287659	0,637374243939
37	36,021474387	1,01465	0,0720391	1943,91287659	0,637374243939
37,5	36,021474387	1,02686	0,035409	1943,91287659	0,637374243939
38	36,021474387	0,990232	0,0769231	1943,91287659	0,637374243939
38,5	36,021474387	1,01587	0,0537241	1943,91287659	0,637374243939
39	36,021474387	1,01343	0,0586081	1943,91287659	0,637374243939
39,5	36,021474387	1,0293	0,04884	1943,91287659	0,637374243939
40	36,021474387	1,04151	0,04884	1943,91287659	0,637374243939
40,5	36,021474387	1,00611	0,0500611	1943,91287659	0,637374243939
41	36,021474387	1,02808	0,046398	1943,91287659	0,637374243939
41,5	36,021474387	0,998779	0,0769231	1943,91287659	0,637374243939
42	36,021474387	1,02564	0,032967	1943,91287659	0,637374243939
42,5	36,021474387	0,996337	0,0647131	1943,91287659	0,637374243939
43	36,021474387	0,997558	0,030525	1943,91287659	0,637374243939
43,5	36,021474387	1,02442	0,0671551	1943,91287659	0,637374243939
44	36,021474387	0,993895	0,040293	1943,91287659	0,637374243939
44,5	36,021474387	1,03297	0,0671551	1943,91287659	0,637374243939
45	36,021474387	0,991453	0,0659341	1943,91287659	0,637374243939
45,5	36,021474387	1,0464	0,046398	1943,91287659	0,637374243939
46	36,021474387	1,01587	0,0549451	1943,91287659	0,637374243939
46,5	36,021474387	1,03297	0,032967	1943,91287659	0,637374243939
47	36,021474387	1,00733	0,0757021	1943,91287659	0,637374243939
47,5	36,021474387	1,00122	0,037851	1943,91287659	0,637374243939
48	36,021474387	1,03053	0,0732601	1943,91287659	0,637374243939
48,5	36,021474387	1,00122	0,0549451	1943,91287659	0,637374243939
49	36,021474387	1,01709	0,046398	1943,91287659	0,637374243939
49,5	36,021474387	0,973138	0,0500611	1943,91287659	0,637374243939
50	36,021474387	1,03663	0,039072	1943,91287659	0,637374243939
50,5	36,021474387	0,992674	0,0695971	1943,91287659	0,637374243939
51	36,021474387	1,0464	0,041514	1943,91287659	0,637374243939
51,5	36,021474387	0,996337	0,0634921	1943,91287659	0,637374243939
52	36,021474387	1,04151	0,029304	1943,91287659	0,637374243939
52,5	36,021474387	0,992674	0,0549451	1943,91287659	0,637374243939
53	36,021474387	1,02686	0,03663	1943,91287659	0,637374243939
53,5	36,021474387	1	0,0805861	1943,91287659	0,637374243939
54	36,021474387	1,00855	0,046398	1943,91287659	0,637374243939
54,5	36,021474387	1,02808	0,0708181	1943,91287659	0,637374243939
55	36,021474387	1,00244	0,028083	1943,91287659	0,637374243939
55,5	36,021474387	1,02198	0,0500611	1943,91287659	0,637374243939
56	36,021474387	0,965812	0,04884	1943,91287659	0,637374243939
56,5	36,021474387	1,02076	0,04884	1943,91287659	0,637374243939
57	36,021474387	0,98779	0,0720391	1943,91287659	0,637374243939
57,5	36,021474387	1,0293	0,040293	1943,91287659	0,637374243939
58	36,021474387	1,00733	0,0647131	1943,91287659	0,637374243939
58,5	36,021474387	1,02564	0,031746	1943,91287659	0,637374243939
59	36,021474387	1,0232	0,0561661	1943,91287659	0,637374243939
59,5	36,021474387	0,992674	0,045177	1943,91287659	0,637374243939
60	36,021474387	1,04884	0,0512821	1943,91287659	0,637374243939
60,5	36,021474387	1,00244	0,0842491	1943,91287659	0,637374243939
61	36,021474387	1,02442	0,040293	1943,91287659	0,637374243939
61,5	36,021474387	0,973138	0,0683761	1943,91287659	0,637374243939
62	36,021474387	1,02442	0,029304	1943,91287659	0,637374243939
62,5	36,021474387	0,993895	0,0671551	1943,91287659	0,637374243939
63	36,021474387	1,01465	0,030525	1943,91287659	0,637374243939
63,5	36,021474387	1,03419	0,0842491	1943,91287659	0,637374243939
64	36,021474387	0,991453	0,0537241	1943,91287659	0,637374243939
64,5	36,021474387	1,01832	0,0500611	1943,91287659	0,637374243939
65	36,021474387	1,00244	0,0647131	1943,91287659	0,637374243939
65,5	36,021474387	1,01709	0,040293	1943,91287659	0,637374243939
66	36,021474387	0,981685	0,0610501	1943,91287659	0,637374243939
66,5	36,021474387	1,00977	0,047619	1943,91287659	0,637374243939
67	36,021474387	1,0464	0,046398	1943,91287659	0,637374243939
67,5	36,021474387	0,992674	0,0805861	1943,91287659	0,637374243939
68	36,021474387	1,0293	0,042735	1943,91287659	0,637374243939
68,5	36,021474387	1,00122	0,0659341	1943,91287659	0,637374243939
69	36,021474387	1,01832	0,020757	1943,91287659	0,637374243939
69,5	36,021474387	0,991453	0,0659341	1943,91287659	0,637374243939
70	36,021474387	1,00244	0,0525031	1943,91287659	0,637374243939
70,5	36,021474387	1,05128	0,0732601	1943,91287659	0,637374243939
71	36,021474387	0,989011	0,0683761	1943,91287659	0,637374243939
71,5	36,021474387	1,05372	0,03663	1943,91287659	0,637374243939
72	36,021474387	0,992674	0,0573871	1943,91287659	0,637374243939
72,5	36,021474387	1,04029	0,030525	1943,91287659	0,637374243939
73	36,021474387	0,969475	0,0720391	1943,91287659	0,637374243939
73,5	36,021474387	1,04884	0,04884	1943,91287659	0,637374243939
74	36,021474387	1,01954	0,0854701	1943,91287659	0,637374243939
74,5	36,021474387	1,00977	0,030525	1943,91287659	0,637374243939
75	36,021474387	0,995116	0,0549451	1943,91287659	0,637374243939
75,5	36,021474387	0,985348	0,030525	1943,91287659	0,637374243939
76	36,021474387	1,00977	0,0586081	1943,91287659	0,637374243939
76,5	36,021474387	0,996337	0,0622711	1943,91287659	0,637374243939
77	36,021474387	1,03907	0,0622711	1943,91287659	0,637374243939
77,5	36,021474387	0,982906	0,0549451	1943,91287659	0,637374243939
78	36,021474387	1,02808	0,03663	1943,91287659	0,637374243939
78,5	36,021474387	0,992674	0,0610501	1943,91287659	0,637374243939
79	36,021474387	1,02198	0,034188	1943,91287659	0,637374243939
79,5	36,021474387	1,05006	0,0744811	1943,91287659	0,637374243939
80	36,021474387	1,00611	0,0573871	1943,91287659	0,637374243939
80,5	36,021474387	1,03785	0,0598291	1943,91287659	0,637374243939
81	36,021474387	0,993895	0,0549451	1943,91287659	0,637374243939
81,5	36,021474387	1,04151	0,041514	1943,91287659	0,637374243939
82	36,021474387	0,996337	0,0695971	1943,91287659	0,637374243939
82,5	36,021474387	1,01709	0,029304	1943,91287659	0,637374243939
83	36,021474387	1,02198	0,0805861	1943,91287659	0,637374243939
83,5	36,021474387	0,991453	0,0500611	1943,91287659	0,637374243939
84	36,021474387	1,05006	0,0720391	1943,91287659	0,637374243939
84,5	36,021474387	0,992674	0,045177	1943,91287659	0,637374243939
85	36,021474387	1,01832	0,0525031	1943,91287659	0,637374243939
85,5	36,021474387	0,990232	0,0793651	1943,91287659	0,637374243939
86	36,021474387	1,03907	0,04884	1943,91287659	0,637374243939
86,5	36,021474387	1,01343	0,0671551	1943,91287659	0,637374243939
87	36,021474387	1,00977	0,026862	1943,91287659	0,637374243939
87,5	36,021474387	1	0,0634921	1943,91287659	0,637374243939
88	36,021474387	1,0232	0,046398	1943,91287659	0,637374243939
88,5	36,021474387	1,0464	0,0586081	1943,91287659	0,637374243939
89	36,021474387	1,00611	0,0683761	1943,91287659	0,637374243939
89,5	36,021474387	1,04029	0,039072	1943,91287659	0,637374243939
90	36,021474387	0,985348	0,0622711	1943,91287659	0,637374243939
90,5	36,021474387	1,02564	0,035409	1943,91287659	0,637374243939
91	36,021474387	0,979243	0,0769231	1943,91287659	0,637374243939
91,5	36,021474387	1,00244	0,0512821	1943,91287659	0,637374243939
92	36,08721186	1,03297	0,0659341	1946,97895025	0,636370516406
92,5	36,021474387	0,998779	0,0561661	1943,91287659	0,637374243939
93	36,021474387	1,03297	0,047619	1943,91287659	0,637374243939
93,5	36,021474387	0,986569	0,0549451	1943,91287659	0,637374243939
94	36,021474387	1,01099	0,028083	1943,91287659	0,637374243939
94,5	36,021474387	1,02076	0,0659341	1943,91287659	0,637374243939
95	36,021474387	1,00244	0,0537241	1943,91287659	0,637374243939
95,5	36,021474387	1,04151	0,0671551	1943,91287659	0,637374243939
96	36,021474387	0,997558	0,0586081	1943,91287659	0,637374243939
96,5	36,021474387	1,02564	0,042735	1943,91287659	0,637374243939
97	36,021474387	0,964591	0,043956	1943,91287659	0,637374243939
97,5	36,021474387	1,01465	0,03663	1943,91287659	0,637374243939
98	36,021474387	1,00122	0,0744811	1943,91287659	0,637374243939
98,5	36,021474387	1,00855	0,043956	1943,91287659	0,637374243939
99	36,021474387	1,00855	0,0769231	1943,91287659	0,637374243939
99,5	36,021474387	1,00977	0,043956	1943,91287659	0,637374243939
100	36,021474387	1,03419	0,045177	1943,91287659	0,637374243939
Vernier Format 2
Ge_Fehler_MaxTrans.cmbl 06.10.2014 12:58:14 ,
Latest 3
Time	Winkel	Pyro	Sample	Wellenlänge	Energie
t	Pot	Pot	Pot	Lambda	E
s	°	V	V	nm	eV

 	 	 	 	 	 
Vernier Format 2
Ge_Fehler_MaxTrans.cmbl 06.10.2014 12:58:14 ,
Latest 4
Time	Winkel	Pyro	Sample	Wellenlänge	Energie
t	Pot	Pot	Pot	Lambda	E
s	°	V	V	nm	eV

 	 	 	 	 	 
