Vernier Format 2
Ge_Lampe.cmbl 06.10.2014 12:53:55 ,
Latest
Time	Potential	Pyro	Sample	Wellenlänge	Energie
t	Pot	Pot	Pot	Lambda	E
s	°	V	V	nm	eV

0	-7,700370008	0,010989	0,030525	-442,909430521	-2,79741164812
0,5	-7,76557303	0,00732601	0,04884	-446,63687908	-2,77406559564
1	-7,700370008	0,034188	0,020757	-442,909430521	-2,79741164812
1,5	-7,700370008	0,021978	0,03663	-442,909430521	-2,79741164812
2	-7,700370008	0,0927961	0,047619	-442,909430521	-2,79741164812
2,5	-7,504226491	0,015873	0,043956	-431,693093428	-2,87009456223
3	-6,916864842	0,0586081	0,034188	-398,075471124	-3,11247512061
3,5	-6,656052754	0,00610501	0,018315	-383,134278659	-3,23385316588
4	-6,395240666	0,00732601	0,0549451	-368,185147292	-3,36515475736
4,5	-5,873082039	0,040293	0,03663	-338,233635652	-3,66314839626
5	-5,6117355	0,018315	0,0659341	-323,231847249	-3,83316189462
5,5	-5,090111324	0,040293	0,00732601	-293,269830654	-4,22477824343
6	-4,763561763	0,015873	0,0512821	-274,500342328	-4,51365557323
6,5	-4,567952697	0,0830281	0,029304	-263,252771573	-4,70650315511
7	-3,980591048	0,00854701	0,046398	-229,461414892	-5,39960062821
7,5	-3,719244509	0,0781441	0,0537241	-214,417989112	-5,77843307427
8	-3,197620333	0,0940171	0,017094	-184,379637668	-6,71983097305
8,5	-2,936273794	0,0879121	0,0561661	-169,323782769	-7,31734183903
9	-2,675461706	0,140415	0,018315	-154,295204585	-8,03006161686
9,5	-2,088100057	0,166056	0,0598291	-120,438875856	-10,2873759921
10	-1,827287969	0,217338	0,030525	-105,401041078	-11,7551021064
10,5	-1,305129342	0,815629	0,032967	-75,2883058842	-16,4567390041
11	-1,043782803	4,79365	0,00854701	-60,214023032	-20,5766022201
11,5	-0,782970715	4,99267	0,030525	-45,1693177516	-27,4301242896
12	-0,260812088	4,99267	0,045177	-15,0465781602	-82,3443035893
12,5	0	4,99145	0,023199	0	 
13	0,522158627	4,99267	0,039072	30,1236765205	41,1304376861
13,5	0,782970715	4,99145	0,00610501	45,1693177516	27,4301242896
14	1,370332364	2,1685	0,045177	79,0489379812	15,6738348628
14,5	1,566475881	0,506716	0,03663	90,3610222919	13,7116642616
15	1,892490991	0,239316	0,0634921	109,160716696	11,3502369488
15,5	2,414649618	0,181929	0,02442	139,263429258	8,89680806079
16	2,675461706	0,0879121	0,045177	154,295204585	8,03006161686
16,5	3,197620333	0,0952381	0,021978	184,379637668	6,71983097305
17	3,524169894	0,0512821	0,0671551	203,186331206	6,09785113323
17,5	3,71977896	0,0708181	0,040293	214,448757422	5,77760400616
18	4,307140609	0,043956	0,0695971	248,251260239	4,99091121958
18,5	4,567952697	0,0610501	0,017094	263,252771573	4,70650315511
19	5,090111324	0,00732601	0,046398	293,269830654	4,22477824343
19,5	5,350923412	0,03663	0,025641	308,254032608	4,01941213719
20	5,938285061	0,01221	0,0537241	341,975328418	3,62306838254
20,5	6,134428578	0,015873	0,047619	353,228386784	3,50764560935
21	6,721790227	0,00610501	0,03663	386,900954478	3,20236997521
21,5	6,917399293	0,018315	0,03663	398,106079959	3,11223581445
22	7,243414403	0,00610501	0,014652	416,770913202	2,9728562161
22,5	7,76557303	0,00976801	0,0610501	446,63687908	2,77406559564
23	8,026919569	0,021978	0,018315	461,571372029	2,68430859252
23,5	8,548543745	0,010989	0,0586081	491,350255779	2,52162278421
24	8,809890284	0,00976801	0,010989	506,255049515	2,44738299635
24,5	9,332048911	0,00610501	0,043956	536,002302589	2,31155723402
25	9,658064021	0,018315	0,019536	554,552888637	2,23423234355
25,5	9,918876109	0,00610501	0,047619	569,380459084	2,17604938883
26	10,441034736	0,010989	0,021978	599,030221434	2,06834305794
26,5	10,702381275	0,00732601	0,0537241	613,851748044	2,01840265821
27	11,224005451	0,00610501	0,00732601	643,395690901	1,9257200779
27,5	11,48535199	0,00610501	0,047619	658,178033533	1,88246938803
28	12,072713639	0,00732601	0,035409	691,350078518	1,79214559815
28,5	12,268322705	0,00610501	0,0573871	702,381410387	1,76399884974
29	12,855684354	0,017094	0,031746	735,455832786	1,68466948628
29,5	13,116496442	0,00610501	0,023199	750,117627375	1,65174094673
30	13,638655069	0,00610501	0,03663	779,424247506	1,58963491829
30,5	13,900001608	0,00610501	0,040293	794,06839953	1,56031898604
31	14,160813696	0,00732601	0,046398	808,666133919	1,5321526994
31,5	14,682972323	0,00610501	0,0573871	837,840857979	1,478801121
32	15,008987433	0,00732601	0,034188	856,021264392	1,44739395099
32,5	15,53114606	0,00610501	0,042735	885,081730518	1,39987072072
33	15,791958148	0,00610501	0,015873	899,569713613	1,3773251603
33,5	16,314116775	0,00610501	0,0586081	928,519052029	1,33438295886
34	16,575463314	0,00610501	0,017094	942,979728562	1,31392007959
34,5	16,836275402	0,015873	0,0573871	957,391273918	1,29414173051
35	17,358434029	0,118437	0,018315	986,183981348	1,25635786368
35,5	17,619246117	0,318681	0,043956	1000,53507618	1,23833739516
36	18,206607766	0,744811	0,00732601	1032,77807542	1,19967690009
36,5	18,402216832	1,32723	0,0610501	1043,4920378	1,18735932342
37	18,989578481	2,04151	0,034188	1075,58960669	1,15192634095
37,5	19,25092502	2,66545	0,0537241	1089,83528224	1,13686904819
38	19,642143152	3,08303	0,025641	1111,11762882	1,11509345893
38,5	20,033895735	3,41636	0,032967	1132,37714045	1,09415843516
39	20,294707823	3,62271	0,018315	1146,50152001	1,0806788987
39,5	20,81686645	3,77167	0,041514	1174,70753774	1,05473061183
40	21,078212989	3,79365	0,047619	1188,7884916	1,04223754584
40,5	21,665040187	3,8315	0,034188	1220,31528529	1,015311383
41	21,926386726	3,84005	0,040293	1234,31490307	1,00379570636
41,5	22,448545353	4,09035	0,019536	1262,20830789	0,981612933664
42	22,709357441	4,32234	0,030525	1276,10162186	0,970925809333
42,5	23,231516068	4,64957	0,028083	1303,83696972	0,950272180319
43	23,492328156	4,7265	0,040293	1317,65004053	0,940310372171
43,5	23,753674695	4,76679	0,034188	1331,46402968	0,930554616856
44	24,341036344	4,59096	0,032967	1362,40866612	0,909418760182
44,5	24,53664541	4,52869	0,018315	1372,68253863	0,902612195561
45	25,124007059	4,45177	0,025641	1403,43559822	0,882833527646
45,5	25,384819147	4,53114	0,02442	1417,0440941	0,874355290114
46	25,906977774	4,56288	0,040293	1444,20045176	0,857914147924
46,5	26,167789862	4,6337	0,031746	1457,71995508	0,849957494021
47	26,429136401	4,56899	0,0525031	1471,23686387	0,842148555699
47,5	26,951295028	4,57387	0,00854701	1498,15108498	0,827019392386
48	27,277310138	4,52747	0,042735	1514,89230156	0,817879923689
48,5	27,799468765	4,46398	0,014652	1541,60328056	0,80370872041
49	28,060280853	4,38706	0,0549451	1554,89729068	0,79683719782
49,5	28,58243948	4,37363	0,015873	1581,41545498	0,783475332872
50	28,843251568	4,26862	0,0610501	1594,61191716	0,776991559306
50,5	29,365410195	4,1685	0,00976801	1620,93231475	0,76437491481
51	29,626756734	4,09524	0,043956	1634,05556699	0,758236148776
51,5	30,14838091	3,95849	0,015873	1660,14648046	0,746319685993
52	30,474930471	3,88645	0,02442	1676,41013771	0,739079281453
52,5	30,866683054	3,73626	0,032967	1695,84930717	0,730607368687
53	31,257901186	3,67033	0,040293	1715,18283911	0,722371966268
53,5	31,519247725	3,53114	0,037851	1728,05377508	0,716991576226
54	32,040871901	3,42125	0,00732601	1753,63524605	0,706532332075
54,5	32,30221844	3,28327	0,035409	1766,39767003	0,701427555654
55	32,889580089	3,16361	0,01221	1794,94598378	0,690271468442
55,5	33,085189155	3,0232	0,0708181	1804,41170661	0,686650388856
56	33,346001243	2,79731	0,032967	1816,99993585	0,681893254674
56,5	33,933362892	2,62027	0,0512821	1845,21097998	0,671467931551
57	34,129506409	2,46032	0,023199	1854,58873057	0,668072645744
57,5	34,716333607	2,39194	0,037851	1882,51510459	0,658162049793
58	34,977680146	2,30525	0,031746	1894,88887714	0,653864200137
58,5	35,499838773	2,31013	0,042735	1919,49278895	0,645483018813
59	35,760650861	2,2381	0,04884	1931,72257947	0,641396447486
59,5	36,282809488	2,22466	0,026862	1956,08668157	0,633407512906
60	36,543621576	2,18681	0,041514	1968,19555054	0,629510619337
60,5	37,065780203	2,13797	0,00976801	1992,31529316	0,621889519321
61	37,392329764	2,08913	0,0512821	2007,31541838	0,61724230714
61,5	37,91395394	2,06593	0,029304	2031,1408742	0,610002002193
62	38,175300479	2,03297	0,0512821	2043,01483344	0,606456683388
62,5	38,436112567	1,98657	0,030525	2054,82213416	0,602971896888
63	38,958271194	2,00855	0,047619	2078,33273445	0,596150933613
63,5	39,219083282	1,95727	0,021978	2090,0114827	0,592819709487
64	39,741241909	1,98657	0,028083	2113,26252612	0,586297246407
64,5	40,002588448	1,9072	0,032967	2124,83415985	0,583104330403
65	40,589415646	1,9243	0,034188	2150,65564844	0,576103385448
65,5	40,850762185	1,86569	0,0598291	2162,08293326	0,573058498794
66	41,372920812	1,82906	0,013431	2184,77917561	0,567105368741
66,5	41,6337329	1,73504	0,0512821	2196,04784665	0,564195357532
67	42,090688505	1,71306	0,018315	2215,68126763	0,559195953905
67,5	42,416703615	1,58608	0,0573871	2229,60266851	0,555704394106
68	42,938862242	1,63736	0,039072	2251,74914774	0,550238911491
68,5	43,19967433	1,52259	0,0500611	2262,74113277	0,547565950897
69	43,526223891	1,52137	0,013431	2276,4375099	0,544271474448
69,5	43,983179496	1,47131	0,03663	2295,47923712	0,539756570204
70	44,2440450291	1,47131	0,017094	2306,28433425	0,537227774391
70,5	44,831353233	1,35165	0,042735	2330,43542524	0,531660301153
71	45,0923791014	1,40659	0,030525	2341,09079591	0,52924047293
71,5	45,3534049698	1,30647	0,039072	2351,69757743	0,526853457644
72	45,8754567066	1,28205	0,042735	2372,76449344	0,522175716732
72,5	46,136482575	1,21368	0,01221	2383,2241907	0,519883947484
73	46,7237907789	1,2442	0,0500611	2406,57732906	0,514839055881
73,5	46,9195601802	1,15263	0,037851	2414,30563746	0,513191031316
74	47,5068683841	1,14164	0,0525031	2437,32108633	0,508345005075
74,5	47,7678942525	1,07448	0,021978	2447,46811516	0,50623744282
75	48,2899459893	1,03419	0,021978	2467,60957224	0,502105362995
75,5	48,5509718577	0,967033	0,02442	2477,60358246	0,500080000194
76	49,0730235945	0,968254	0,03663	2497,43712915	0,496108584891
76,5	49,3340494629	0,874237	0,045177	2507,27625398	0,494161741465
77	49,5950753313	0,868132	0,034188	2517,06334048	0,492240294503
77,5	50,1823835352	0,781441	0,042735	2538,89296961	0,488007968367
78	50,4434094036	0,754579	0,021978	2548,50953432	0,486166515492
78,5	50,9654611404	0,65812	0,04884	2567,58378292	0,482554847184
79	51,2264870088	0,628816	0,010989	2577,04107092	0,48078395567
79,5	51,7485387456	0,568987	0,0647131	2595,79499289	0,477310420659
80	52,009564614	0,571429	0,014652	2605,09123762	0,4756071427
80,5	52,2705904824	0,544567	0,04884	2614,3334139	0,473925779097
81	52,8578986863	0,564103	0,00854701	2634,92963095	0,470221286158
81,5	53,0536680876	0,504274	0,043956	2641,73361937	0,469010195016
82	53,6409762915	0,515263	0,013431	2661,96022078	0,465446474493
82,5	53,9020021599	0,434676	0,0561661	2670,86016804	0,463895495102
83	54,4240538967	0,409035	0,029304	2688,49357852	0,46085287683
83,5	54,6850797651	0,361416	0,0598291	2697,22667576	0,45936072453
84	55,0766185677	0,318681	0,00854701	2710,22130144	0,457158239935
84,5	55,4681573703	0,23199	0,0586081	2723,08936392	0,454997921264
85	55,7291832387	0,247863	0,025641	2731,59746236	0,4535807406
85,5	56,2512349755	0,178266	0,0537241	2748,44340158	0,450800623833
86	56,577517311	0,188034	0,01221	2758,8563321	0,449099137777
86,5	57,0995690478	0,145299	0,04884	2775,33078724	0,446433270475
87	57,3605949162	0,152625	0,025641	2783,48169734	0,445125973411
87,5	57,882646653	0,130647	0,0757021	2799,61003673	0,442561636708
88	58,1436725214	0,155067	0,029304	2807,58713129	0,441304202528
88,5	58,4046983898	0,131868	0,047619	2815,50595459	0,440063001103
89	58,9267501266	0,113553	0,013431	2831,16813125	0,437628548557
89,5	59,187775995	0,114774	0,04884	2838,91115954	0,436434932399
90	59,7098277318	0,113553	0,028083	2854,2202925	0,434094033757
90,5	59,9708536002	0,120879	0,0549451	2861,78607943	0,432946406758
91	60,492905337	0,13431	0,029304	2876,73930907	0,43069596056
91,5	60,7539312054	0,105006	0,0634921	2884,12644143	0,429592816114
92	61,0149570738	0,0903541	0,00854701	2891,45371396	0,428504179063
92,5	61,6022652777	0,0915751	0,0537241	2907,72042903	0,426106990077
93	61,8632911461	0,113553	0,020757	2914,85211334	0,425064446436
93,5	62,3853428829	0,0695971	0,0744811	2928,93384263	0,423020821423
94	62,6463687513	0,0793651	0,019536	2935,88359533	0,422019456755
94,5	63,1684204881	0,0659341	0,04884	2949,60015568	0,420056934705
95	63,4294463565	0,0659341	0,010989	2956,36667863	0,419095509686
95,5	63,9514980933	0,0647131	0,046398	2969,7155079	0,417211681289
96	64,2125239617	0,0720391	0,029304	2976,29753716	0,416289025049
96,5	64,5388062972	0,0683761	0,0610501	2984,43818982	0,41515351339
97	65,060858034	0,0659341	0,017094	2997,26181485	0,413377301196
97,5	65,3218839024	0,0561661	0,041514	3003,58038168	0,412507688343
98	65,8439356392	0,037851	0,013431	3016,03036828	0,41080488215
98,5	66,1049615076	0,028083	0,0598291	3022,16152964	0,409971468384
99	66,6922697115	0,042735	0,026862	3035,72711369	0,408139451801
99,5	66,8880391128	0,017094	0,0549451	3040,1781629	0,407541904984
100	67,4753473167	0,0525031	0,020757	3053,31814662	0,405788044515
100,5	67,671116718	0,00732601	0,0525031	3057,62691611	0,405216213094
101	67,9973990535	0,025641	0,020757	3064,72884787	0,404277200857
101,5	68,5194507903	0,017094	0,043956	3075,88511761	0,402810882925
102	68,7804766587	0,0500611	0,0525031	3081,36755041	0,402094193481
102,5	69,3025283955	0,00732601	0,018315	3092,14044293	0,400693313538
103	69,5635542639	0,031746	0,0549451	3097,43067905	0,400008952058
103,5	70,0856060007	0,00976801	0,00732601	3107,81818206	0,398671970951
104	70,3466318691	0,00610501	0,0695971	3112,91523335	0,398019190091
104,5	70,6729142046	0,034188	0,029304	3119,19567975	0,397217785355
105	71,1297629194	0,00732601	0,0525031	3127,81931813	0,396122625376
105,5	71,3907887878	0,014652	0,017094	3132,65730157	0,39551086529
106	71,9780969917	0,00610501	0,034188	3143,30489124	0,394171116983
106,5	72,2391228601	0,017094	0,037851	3147,93120586	0,39359182872
107	72,7611745969	0,00732601	0,037851	3156,98773525	0,392462722033
107,5	73,0222004653	0,00976801	0,0561661	3161,41776204	0,391912772452
108	73,5442522021	0,00732601	0,014652	3170,08088013	0,390841762986
108,5	73,8052780705	0,00610501	0,025641	3174,31379162	0,390320579923
109	74,0663039389	0,00732601	0,0671551	3178,48082047	0,389808864669
109,5	74,5883556757	0,00732601	0,029304	3186,61688571	0,388813605287
110	74,8493815441	0,00610501	0,0573871	3190,58575323	0,388329948112
110,5	75,436689748	0,00610501	0,020757	3199,27346371	0,387275428016
111	75,6977156164	0,00610501	0,021978	3203,02682102	0,386821612566
111,5	76,2197673532	0,00732601	0,046398	3210,33402341	0,38594114848
112	76,4807932216	0,00610501	0,046398	3213,88771684	0,38551440161
112,5	77,0028449584	0,00610501	0,0525031	3220,79491936	0,384687641102
113	77,2638708268	0,00610501	0,013431	3224,14828509	0,384287535945
113,5	77,7859225636	0,00610501	0,0647131	3230,65419753	0,383513655206
114	78,1122048991	0,00610501	0,019536	3234,58422755	0,383047684907
114,5	78,5690001688	0,00610501	0,042735	3239,9100163	0,382418028206
115	78,8300260372	0,00610501	0,047619	3242,86088506	0,382070043679
115,5	79,1563083727	0,00488401	0,010989	3246,45481585	0,381647079747
116	79,6783601095	0,00610501	0,039072	3251,98607342	0,380997941574
116,5	79,9393859779	0,00610501	0,045177	3254,65048848	0,380686038144
117	80,4614377147	0,00610501	0,028083	3259,77661466	0,380087394464
Vernier Format 2
Ge_Lampe.cmbl 06.10.2014 12:53:55 ,
Latest 3
Time	Winkel	Pyro	Sample	Wellenlänge	Energie
t	Pot	Pot	Pot	Lambda	E
s	°	V	V	nm	eV

 	 	 	 	 	 
Vernier Format 2
Ge_Lampe.cmbl 06.10.2014 12:53:55 ,
Latest 4
Time	Winkel	Pyro	Sample	Wellenlänge	Energie
t	Pot	Pot	Pot	Lambda	E
s	°	V	V	nm	eV

 	 	 	 	 	 
