Vernier Format 2
Ge_Messung.cmbl 06.10.2014 12:49:07 ,
Latest
Time	Potential	Pyro	Sample	Wellenlänge	Energie
t	Pot	Pot	Pot	Lambda	E
s	°	V	V	nm	eV

0	-5,873082039	0,00610501	0,014652	-338,233635652	-3,66314839626
0,5	-5,873082039	0,00610501	0,015873	-338,233635652	-3,66314839626
1	-5,873082039	0,00610501	0,042735	-338,233635652	-3,66314839626
1,5	-5,873082039	0,014652	0,025641	-338,233635652	-3,66314839626
2	-5,807879017	0,00610501	0,042735	-334,491504852	-3,70412994658
2,5	-5,6117355	0,00732601	0,00854701	-323,231847249	-3,83316189462
3	-5,28572039	0,00610501	0,028083	-304,508568804	-4,06885101745
3,5	-5,090111324	0,00610501	0,00854701	-293,269830654	-4,22477824343
4	-4,502749675	0,00732601	0,047619	-259,502892991	-4,77451324616
4,5	-4,241403136	0,00732601	0,021978	-244,469317706	-5,06812066082
5	-3,980591048	0,00732601	0,041514	-229,461414892	-5,39960062821
5,5	-3,458432421	0,00610501	0,021978	-199,400879276	-6,21361352315
6	-3,197620333	0,00610501	0,020757	-184,379637668	-6,71983097305
6,5	-2,871070772	0,00732601	0,043956	-165,566954986	-7,48337734485
7	-2,348912145	0,015873	0,017094	-135,474215027	-9,14565181094
7,5	-2,088100057	0,031746	0,0610501	-120,438875856	-10,2873759921
8	-1,56594143	0,014652	0,0561661	-90,3302005525	-13,7163428446
8,5	-1,305129342	0,449328	0,206349	-75,2883058842	-16,4567390041
9	-0,782970715	4,99267	1,71062	-45,1693177516	-27,4301242896
9,5	-0,522158627	4,99145	4,09768	-30,1236765205	-41,1304376861
10	0	4,99267	4,9939	0	 
10,5	0,261346539	4,99267	4,6398	15,0774110985	82,1759114947
11	0,782970715	4,99267	2,09524	45,1693177516	27,4301242896
11,5	1,044317254	1,14896	0,26862	60,2448511716	20,5660728827
12	1,631678903	0,144078	0,0708181	94,121214697	13,1638760081
12,5	1,892490991	0,0647131	0,0634921	109,160716696	11,3502369488
13	2,219040552	0,00610501	0,03663	127,987687008	9,68061872956
13,5	2,675461706	0,00610501	0,025641	154,295204585	8,03006161686
14	2,936808245	0,00732601	0,0525031	169,35457554	7,31601136874
14,5	3,458966872	0,00610501	0,026862	199,431656373	6,21265461327
15	3,71977896	0,015873	0,037851	214,448757422	5,77760400616
15,5	4,307140609	0,00610501	0,040293	248,251260239	4,99091121958
16	4,567952697	0,00732601	0,00732601	263,252771573	4,70650315511
16,5	5,090111324	0,00732601	0,029304	293,269830654	4,22477824343
17	5,350923412	0,00610501	0,032967	308,254032608	4,01941213719
17,5	5,873082039	0,00488401	0,00854701	338,233635652	3,66314839626
18	6,1996316	0,00610501	0,021978	356,968275197	3,47089667651
18,5	6,721790227	0,00610501	0,046398	386,900954478	3,20236997521
19	6,917399293	0,00610501	0,015873	398,106079959	3,11223581445
19,5	7,43955792	0,018315	0,029304	427,993948621	2,89490074332
20	7,76557303	0,00732601	0,041514	446,63687908	2,77406559564
20,5	8,092122591	0,00610501	0,017094	465,295875302	2,66282179956
21	8,548543745	0,00732601	0,00854701	491,350255779	2,52162278421
21,5	8,809890284	0,00610501	0,014652	506,255049515	2,44738299635
22	9,397251933	0,00610501	0,00732601	539,713827333	2,29566102859
22,5	9,592860999	0,00610501	0,019536	550,844188572	2,24927488699
23	10,180222648	0,00610501	0,041514	584,226579299	2,1207525366
23,5	10,441034736	0,00732601	0,018315	599,030221434	2,06834305794
24	10,963193363	0,00732601	0,03663	628,630232376	1,97095197811
24,5	11,224005451	0,00610501	0,00976801	643,395690901	1,9257200779
25	11,746164078	0,00610501	0,00854701	672,916494596	1,84123886091
25,5	12,007510617	0,00610501	0,025641	687,671170864	1,80173323021
26	12,594872266	0,00610501	0,00732601	720,778798862	1,7189739792
26,5	12,790481332	0,00732601	0,039072	731,787991118	1,69311332659
27	13,377842981	0,00610501	0,02442	764,793875467	1,6200443541
27,5	13,638655069	0,00610501	0,02442	779,424247506	1,58963491829
28	14,160813696	0,00610501	0,028083	808,666133919	1,5321526994
28,5	14,421625784	0,00610501	0,00732601	823,247111987	1,5050159083
29	15,008987433	0,00732601	0,02442	856,021264392	1,44739395099
29,5	15,20513095	0,00610501	0,019536	866,94599663	1,4291547626
30	15,791958148	0,00610501	0,023199	899,569713613	1,3773251603
30,5	16,053304687	0,00610501	0,035409	914,068687729	1,3554780036
31	16,575463314	0,00610501	0,010989	942,979728562	1,31392007959
31,5	16,836275402	0,010989	0,014652	957,391273918	1,29414173051
32	17,162824963	0,00610501	0,019536	975,407233704	1,27023868307
32,5	17,619246117	0,00610501	0,00732601	1000,53507618	1,23833739516
33	17,945795678	0,00610501	0,028083	1018,47408871	1,21652579455
33,5	18,402216832	0,00610501	0,025641	1043,4920378	1,18735932342
34	18,728766393	0,01221	0,023199	1061,35075315	1,16738033711
34,5	19,185721998	0,00610501	0,045177	1086,28325776	1,14058648254
35	19,511737108	0,00610501	0,00976801	1104,02922018	1,12225290541
35,5	20,033895735	0,00610501	0,043956	1132,37714045	1,09415843516
36	20,294707823	0,00610501	0,031746	1146,50152001	1,0806788987
36,5	20,81686645	0,00610501	0,031746	1174,70753774	1,05473061183
37	21,078212989	0,00610501	0,0708181	1188,7884916	1,04223754584
37,5	21,665040187	0,00610501	0,03663	1220,31528529	1,015311383
38	21,926386726	0,00610501	0,0622711	1234,31490307	1,00379570636
38,5	22,448545353	0,00610501	0,032967	1262,20830789	0,981612933664
39	22,709357441	0,00610501	0,035409	1276,10162186	0,970925809333
39,5	23,035907002	0,00610501	0,0610501	1293,45942122	0,957896304802
40	23,492328156	0,00610501	0,035409	1317,65004053	0,940310372171
40,5	23,753674695	0,00610501	0,0708181	1331,46402968	0,930554616856
41	24,275298871	0,00610501	0,0598291	1358,95240028	0,91173171315
41,5	24,53664541	0,00610501	0,042735	1372,68253863	0,902612195561
42	25,124007059	0,00610501	0,0757021	1403,43559822	0,882833527646
42,5	25,384819147	0,00488401	0,041514	1417,0440941	0,874355290114
43	25,906977774	0,00610501	0,0671551	1444,20045176	0,857914147924
43,5	26,167789862	0,00610501	0,0549451	1457,71995508	0,849957494021
44	26,624745467	0,00610501	0,0659341	1481,33379994	0,836408377402
44,5	26,951295028	0,00610501	0,100122	1498,15108498	0,827019392386
45	27,277310138	0,00732601	0,0940171	1514,89230156	0,817879923689
45,5	27,799468765	0,00610501	0,200244	1541,60328056	0,80370872041
46	28,060280853	0,00610501	0,313797	1554,89729068	0,79683719782
46,5	28,58243948	0,00610501	0,496947	1581,41545498	0,783475332872
47	28,908989041	0,00610501	0,67033	1597,93287173	0,775376752001
47,5	29,365410195	0,013431	0,765568	1620,93231475	0,76437491481
48	29,626756734	0,025641	0,848596	1634,05556699	0,758236148776
48,5	30,14838091	0,0891331	0,819292	1660,14648046	0,746319685993
49	30,474930471	0,194139	0,838828	1676,41013771	0,739079281453
49,5	30,997089098	0,252747	0,776557	1702,30264728	0,727837674445
50	31,257901186	0,360195	0,7558	1715,18283911	0,722371966268
50,5	31,780059813	0,421245	0,715507	1740,86254672	0,711716156072
51	32,040871901	0,592186	0,615385	1753,63524605	0,706532332075
51,5	32,563030528	0,671551	0,566545	1779,09735624	0,696420572856
52	32,824377067	0,752137	0,457875	1791,78608826	0,691488793286
52,5	33,085189155	0,912088	0,351648	1804,41170661	0,686650388856
53	33,607347782	0,894994	0,288156	1829,57619472	0,677206012834
53,5	33,86815987	0,970696	0,188034	1842,08878606	0,672606016265
54	34,455521519	0,956044	0,177045	1870,12758865	0,662521641583
54,5	34,651130585	1,01954	0,10989	1879,42187254	0,659245280745
55	35,238492234	1,0525	0,0989011	1907,19804153	0,649644123485
55,5	35,499838773	1,00977	0,0757021	1919,49278895	0,645483018813
56	36,021462949	1,03663	0,023199	1943,91234288	0,637374418932
56,5	36,282809488	1,02076	0,045177	1956,08668157	0,633407512906
57	36,870171137	0,998779	0,013431	1983,29892315	0,624716720982
57,5	37,065780203	0,995116	0,00732601	1992,31529316	0,621889519321
58	37,653141852	0,921856	0,032967	2019,24906666	0,613594439862
58,5	37,848750918	0,921856	0,018315	2028,17185838	0,610894976617
59	38,436112567	0,92674	0,019536	2054,82213416	0,602971896888
59,5	38,697459106	0,85348	0,035409	2066,61092119	0,599532300587
60	39,15388026	0,835165	0,00976801	2087,09584623	0,593647868274
60,5	39,480429821	0,815629	0,02442	2101,67072245	0,589530979695
61	39,806444931	0,74359	0,019536	2116,1536444	0,585496239026
61,5	40,263400536	0,726496	0,00732601	2136,33805621	0,579964391121
62	40,589415646	0,705739	0,023199	2150,65564844	0,576103385448
62,5	41,046371251	0,648352	0,040293	2170,60644868	0,570808218483
63	41,372920812	0,641026	0,020757	2184,77917561	0,567105368741
63,5	41,894544988	0,627595	0,034188	2207,27101353	0,561326630218
64	42,155891527	0,564103	0,026862	2218,47130113	0,558492687902
64,5	42,678050154	0,56044	0,00732601	2240,71050435	0,552949610222
65	42,938862242	0,551893	0,023199	2251,74914774	0,550238911491
65,5	43,461020869	0,499389	0,014652	2273,70861187	0,544924707383
66	43,721832957	0,52381	0,020757	2284,6065011	0,542325341105
66,5	44,2440450291	0,470085	0,032967	2306,28433425	0,537227774391
67	44,5050708975	0,465201	0,017094	2317,0482204	0,534732073804
67,5	44,831353233	0,445665	0,034188	2330,43542524	0,531660301153
68	45,3534049698	0,445665	0,013431	2351,69757743	0,526853457644
68,5	45,6144308382	0,452991	0,00610501	2362,25554965	0,524498714876
69	46,136482575	0,37851	0,021978	2383,2241907	0,519883947484
69,5	46,3975084434	0,395604	0,00732601	2393,63442432	0,517622903235
70	46,9195601802	0,360195	0,041514	2414,30563746	0,513191031316
70,5	47,1805860486	0,363858	0,015873	2424,56618794	0,511019252088
71	47,7678942525	0,344322	0,032967	2447,46811516	0,50623744282
71,5	48,0289201209	0,300366	0,01221	2457,56434698	0,504157704568
72	48,5509718577	0,31746	0,00610501	2477,60358246	0,500080000194
72,5	48,8119977261	0,246642	0,020757	2487,54617022	0,498081207429
73	49,3340494629	0,275946	0,00854701	2507,27625398	0,494161741465
73,5	49,5950753313	0,245421	0,032967	2517,06334048	0,492240294503
74	50,1823835352	0,20757	0,03663	2538,89296961	0,488007968367
74,5	50,4434094036	0,213675	0,02442	2548,50953432	0,486166515492
75	50,9654611404	0,152625	0,028083	2567,58378292	0,482554847184
75,5	51,2264870088	0,164835	0,00610501	2577,04107092	0,48078395567
76	51,7485387456	0,0818071	0,031746	2595,79499289	0,477310420659
76,5	52,009564614	0,100122	0,00854701	2605,09123762	0,4756071427
77	52,2705904824	0,0927961	0,042735	2614,3334139	0,473925779097
77,5	52,7926422192	0,0915751	0,014652	2632,6547949	0,470627597056
78	53,1189245547	0,130647	0,014652	2643,99476579	0,468609097124
78,5	53,6409762915	0,0573871	0,029304	2661,96022078	0,465446474493
79	53,9020021599	0,0537241	0,00732601	2670,86016804	0,463895495102
79,5	54,4240538967	0,023199	0,029304	2688,49357852	0,46085287683
80	54,6850797651	0,00732601	0,020757	2697,22667576	0,45936072453
80,5	55,2071315019	0,043956	0,020757	2714,52474797	0,456433488376
81	55,4681573703	0,00732601	0,035409	2723,08936392	0,454997921264
81,5	55,9902091071	0,010989	0,014652	2740,04886672	0,452181716556
82	56,2512349755	0,00610501	0,023199	2748,44340158	0,450800623833
82,5	56,8385431794	0,00610501	0,00732601	2767,12227538	0,447757589546
83	57,0995690478	0,00610501	0,034188	2775,33078724	0,446433270475
83,5	57,6216207846	0,00610501	0,013431	2791,57483649	0,44383549522
84	57,882646653	0,00610501	0,040293	2799,61003673	0,442561636708
84,5	58,4046983898	0,00610501	0,018315	2815,50595459	0,440063001103
85	58,6657242582	0,00610501	0,018315	2823,36634229	0,43883784454
85,5	58,9267501266	0,00610501	0,00854701	2831,16813125	0,437628548557
86	59,4488018634	0,00610501	0,015873	2846,59526645	0,43525681877
86,5	59,7098277318	0,00610501	0,031746	2854,2202925	0,434094033757
Vernier Format 2
Ge_Messung.cmbl 06.10.2014 12:49:07 ,
Latest 3
Time	Winkel	Pyro	Sample	Wellenlänge	Energie
t	Pot	Pot	Pot	Lambda	E
s	°	V	V	nm	eV

 	 	 	 	 	 
Vernier Format 2
Ge_Messung.cmbl 06.10.2014 12:49:07 ,
Latest 4
Time	Winkel	Pyro	Sample	Wellenlänge	Energie
t	Pot	Pot	Pot	Lambda	E
s	°	V	V	nm	eV

 	 	 	 	 	 
