Vernier Format 2
Ge_Untergrund.cmbl 06.10.2014 12:51:31 ,
Latest
Time	Potential	Pyro	Sample	Wellenlänge	Energie
t	Pot	Pot	Pot	Lambda	E
s	°	V	V	nm	eV

0	59,7098277318	0,00610501	0,023199	2854,2202925	0,434094033757
0,5	59,7098277318	0,00610501	0,030525	2854,2202925	0,434094033757
1	59,7098277318	0,00610501	0,0549451	2854,2202925	0,434094033757
1,5	59,187775995	0,00610501	0,046398	2838,91115954	0,436434932399
2	58,6657242582	0,00976801	0,026862	2823,36634229	0,43883784454
2,5	58,0784160543	0,00610501	0,0659341	2805,59831413	0,441617031832
3	57,6216207846	0,00610501	0,041514	2791,57483649	0,44383549522
3,5	57,0343125807	0,00610501	0,035409	2773,28405281	0,446762746407
4	56,5122608439	0,00610501	0,030525	2756,78089271	0,449437241559
4,5	55,9902091071	0,00488401	0,0683761	2740,04886672	0,452181716556
5	55,4681573703	0,00610501	0,020757	2723,08936392	0,454997921264
5,5	54,6850797651	0,00610501	0,040293	2697,22667576	0,45936072453
6	54,1630280283	0,00610501	0,0537241	2679,70468181	0,462364382318
6,5	53,6409762915	0,00610501	0,0561661	2661,96022078	0,465446474493
7	53,0536680876	0,00610501	0,025641	2641,73361937	0,469010195016
7,5	52,5316163508	0,00610501	0,0683761	2623,52132989	0,472266028824
8	52,0748210811	0,00610501	0,026862	2607,40685812	0,475184759195
8,5	51,4875128772	0,00610501	0,035409	2586,44487263	0,479035920351
9	50,8349482062	0,00610501	0,0586081	2562,83514286	0,48344896606
9,5	50,1823835352	0,00610501	0,046398	2538,89296961	0,488007968367
10	49,5950753313	0,00610501	0,029304	2517,06334048	0,492240294503
10,5	49,0730235945	0,00610501	0,0634921	2497,43712915	0,496108584891
11	48,5509718577	0,00488401	0,047619	2477,60358246	0,500080000194
11,5	48,0289201209	0,00854701	0,025641	2457,56434698	0,504157704568
12	47,441611917	0,00610501	0,0512821	2434,77641675	0,508876294134
12,5	46,6585343118	0,00610501	0,0634921	2403,99497825	0,515392091584
13	46,136482575	0,00488401	0,023199	2383,2241907	0,519883947484
13,5	45,6144308382	0,00610501	0,041514	2362,25554965	0,524498714876
14	45,0271226343	0,00488401	0,0549451	2338,43149985	0,529842332383
14,5	44,5703273646	0,00610501	0,00732601	2319,73168656	0,534113495616
15	43,983179496	0,00610501	0,0647131	2295,47923712	0,539756570204
15,5	43,19967433	0,00610501	0,041514	2262,74113277	0,547565950897
16	42,678050154	0,00610501	0,032967	2240,71050435	0,552949610222
16,5	42,090688505	0,00610501	0,03663	2215,68126763	0,559195953905
17	41,568529878	0,00610501	0,0708181	2193,2349358	0,56491896047
17,5	41,111574273	0,00610501	0,029304	2173,44200326	0,570063520509
18	40,524212624	0,00610501	0,042735	2147,79768564	0,576869976294
18,5	39,741241909	0,00610501	0,037851	2113,26252612	0,586297246407
19	39,219083282	0,00610501	0,0525031	2090,0114827	0,592819709487
19,5	38,697459106	0,00610501	0,032967	2066,61092119	0,599532300587
20	38,175300479	0,00610501	0,0512821	2043,01483344	0,606456683388
20,5	37,58793883	0,00610501	0,031746	2016,26956752	0,614501165896
21	37,065780203	0,00610501	0,019536	1992,31529316	0,621889519321
21,5	36,282809488	0,00610501	0,0610501	1956,08668157	0,633407512906
22	35,760650861	0,00610501	0,0512821	1931,72257947	0,641396447486
22,5	35,238492234	0,00610501	0,018315	1907,19804153	0,649644123485
23	34,716333607	0,00610501	0,0512821	1882,51510459	0,658162049793
23,5	34,129506409	0,00610501	0,037851	1854,58873057	0,668072645744
24	33,346001243	0,00976801	0,028083	1816,99993585	0,681893254674
24,5	32,824377067	0,00610501	0,0683761	1791,78608826	0,691488793286
25	32,30221844	0,00610501	0,030525	1766,39767003	0,701427555654
25,5	31,714856791	0,00610501	0,029304	1737,66372523	0,713026336458
26	31,257901186	0,00610501	0,0537241	1715,18283911	0,722371966268
26,5	30,474930471	0,00610501	0,0561661	1676,41013771	0,739079281453
27	29,887568822	0,00610501	0,019536	1647,11808864	0,752222933221
27,5	29,365410195	0,00610501	0,0525031	1620,93231475	0,76437491481
28	28,843251568	0,00610501	0,0561661	1594,61191716	0,776991559306
28,5	28,321627392	0,00732601	0,041514	1568,18622439	0,790084736575
29	27,538122226	0,00610501	0,025641	1528,24998709	0,810731235377
29,5	26,951295028	0,00732601	0,0598291	1498,15108498	0,827019392386
30	26,429136401	0,00488401	0,0622711	1471,23686387	0,842148555699
30,5	25,906977774	0,00610501	0,02442	1444,20045176	0,857914147924
31	25,384819147	0,00610501	0,03663	1417,0440941	0,874355290114
31,5	24,53664541	0,00610501	0,0659341	1372,68253863	0,902612195561
32	24,079689805	0,00610501	0,043956	1348,65733849	0,918691475319
32,5	23,492328156	0,00732601	0,00976801	1317,65004053	0,940310372171
33	22,970169529	0,00610501	0,0610501	1289,96849382	0,960488574672
33,5	22,448545353	0,00610501	0,0525031	1262,20830789	0,981612933664
34	21,665040187	0,00610501	0,04884	1220,31528529	1,015311383
34,5	21,078212989	0,00732601	0,014652	1188,7884916	1,04223754584
35	20,556054362	0,00610501	0,0573871	1160,63101311	1,06752274065
35,5	20,033895735	0,00610501	0,0500611	1132,37714045	1,09415843516
36	19,381331064	0,00610501	0,0537241	1096,9350924	1,12951076921
36,5	18,663563371	0,00610501	0,014652	1057,78759194	1,17131266186
37	18,141404744	0,00610501	0,0610501	1029,20407343	1,20384288401
37,5	17,619246117	0,00488401	0,0598291	1000,53507618	1,23833739516
38	17,09708749	0,00610501	0,028083	971,782981229	1,27497602236
38,5	16,575463314	0,00610501	0,032967	942,979728562	1,31392007959
39	15,726755126	0,00610501	0,014652	895,949453612	1,38289051353
39,5	15,20513095	0,00610501	0,0598291	866,94599663	1,4291547626
40	14,682972323	0,00610501	0,0500611	837,840857979	1,478801121
40,5	14,160813696	0,00610501	0,041514	808,666133919	1,5321526994
41	13,312639959	0,00610501	0,030525	761,133794476	1,62783469738
41,5	12,790481332	0,00610501	0,0781441	731,787991118	1,69311332659
42	12,268322705	0,00610501	0,00732601	702,381410387	1,76399884974
42,5	11,746164078	0,00610501	0,043956	672,916494596	1,84123886091
43	11,224005451	0,00488401	0,0659341	643,395690901	1,9257200779
43,5	10,702381275	0,00610501	0,035409	613,851748044	2,01840265821
44	9,853673087	0,00610501	0,030525	565,674660546	2,19030493394
44,5	9,332048911	0,00610501	0,0610501	536,002302589	2,31155723402
45	8,809890284	0,00488401	0,047619	506,255049515	2,44738299635
45,5	8,287731657	0,01221	0,029304	476,465750313	2,60039677393
46	7,43955792	0,00610501	0,0695971	427,993948621	2,89490074332
46,5	6,917399293	0,00610501	0,0634921	398,106079959	3,11223581445
47	6,395240666	0,00610501	0,040293	368,185147292	3,36515475736
47,5	5,873082039	0,00610501	0,03663	338,233635652	3,66314839626
48	5,350923412	0,00610501	0,0769231	308,254032608	4,01941213719
48,5	4,567952697	0,00610501	0,032967	263,252771573	4,70650315511
49	4,04579407	0,00610501	0,045177	233,213848494	5,31272052669
49,5	3,458966872	0,00610501	0,03663	199,431656373	6,21265461327
50	2,936808245	0,00610501	0,0634921	169,35457554	7,31601136874
50,5	2,414649618	0,00610501	0,030525	139,263429258	8,89680806079
51	1,566475881	0,00854701	0,015873	90,3610222919	13,7116642616
51,5	1,044317254	0,00610501	0,039072	60,2448511716	20,5660728827
52	0,522158627	0,00610501	0,0610501	30,1236765205	41,1304376861
52,5	0	0,00488401	0,0525031	0	 
53	-0,522158627	0,00610501	0,018315	-30,1236765205	-41,1304376861
53,5	-1,305129342	0,00610501	0,037851	-75,2883058842	-16,4567390041
54	-1,892490991	0,00732601	0,046398	-109,160716696	-11,3502369488
54,5	-2,348912145	0,00610501	0,0634921	-135,474215027	-9,14565181094
55	-2,936273794	0,00610501	0,045177	-169,323782769	-7,31734183903
55,5	-3,458432421	0,00610501	0,018315	-199,400879276	-6,21361352315
56	-4,241403136	0,00610501	0,0500611	-244,469317706	-5,06812066082
56,5	-4,828764785	0,00610501	0,0610501	-278,248828063	-4,45284894324
57	-5,350923412	0,00488401	0,045177	-308,254032608	-4,01941213719
57,5	-5,873082039	0,00732601	0,025641	-338,233635652	-3,66314839626
58	-6,721255776	0,00488401	0,0622711	-386,870333144	-3,20262344732
58,5	-7,243414403	0,00610501	0,029304	-416,770913202	-2,9728562161
Vernier Format 2
Ge_Untergrund.cmbl 06.10.2014 12:51:31 ,
Latest 3
Time	Winkel	Pyro	Sample	Wellenlänge	Energie
t	Pot	Pot	Pot	Lambda	E
s	°	V	V	nm	eV

 	 	 	 	 	 
Vernier Format 2
Ge_Untergrund.cmbl 06.10.2014 12:51:31 ,
Latest 4
Time	Winkel	Pyro	Sample	Wellenlänge	Energie
t	Pot	Pot	Pot	Lambda	E
s	°	V	V	nm	eV

 	 	 	 	 	 
