Vernier Format 2
Si_Lampe.cmbl 06.10.2014 11:57:35 ,
Latest
Time	Potential	Pyro	Sample	Wellenlänge	Energie
t	Pot	Pot	Pot	Lambda	E
s	°	V	V	nm	eV

0	-2,153303079	0,355311	0,00854701	-62,0617264547	-19,9639950543
0,5	-2,153303079	0,352869	0,00732601	-62,0617264547	-19,9639950543
1	-2,153303079	0,349206	0,00976801	-62,0617264547	-19,9639950543
1,5	-2,153303079	0,350427	0,01221	-62,0617264547	-19,9639950543
2	-2,153303079	0,346764	0,00854701	-62,0617264547	-19,9639950543
2,5	-2,153303079	0,360195	0,00976801	-62,0617264547	-19,9639950543
3	-1,762084947	0,394383	0,00732601	-50,7901282084	-24,3945042808
3,5	-1,370332364	0,448107	0,00854701	-39,5007590512	-31,366485854
4	-1,043782803	1,34676	0,00976801	-30,0889509212	-41,1779062435
4,5	-0,782970715	4,9939	0,010989	-22,5711107901	-54,8931779
5	-0,522158627	4,99512	0,01221	-15,0528029643	-82,3102516479
5,5	0	4,9939	0,00732601	0	 
6	0,261346539	4,99512	0,00854701	7,53418323039	164,450473543
6,5	0,782970715	4,9939	0,00854701	22,5711107901	54,8931779
7	1,044317254	4,9939	0,00976801	30,1043557444	41,1568349284
7,5	1,566475881	2,0757	0,00976801	45,1534082599	27,4397891045
8	1,892490991	0,599512	0,00732601	54,5476166814	22,7140996322
8,5	2,414649618	0,373626	0,00976801	69,5899439546	17,8042965634
9	2,675461706	0,322344	0,00732601	77,1013229867	16,0697631636
9,5	2,936808245	0,295482	0,00976801	84,6264915566	14,6408054642
10	3,458432421	0,271062	0,01221	99,640631336	12,4346863663
10,5	3,71977896	0,246642	0,00854701	107,160056948	11,5621439115
11	4,241937587	0,239316	0,00854701	122,176697902	10,1410499815
11,5	4,502749675	0,225885	0,00732601	129,673611195	9,55475820089
12	4,829299236	0,211233	0,00854701	139,056308765	8,91005960826
12,5	5,28572039	0,200244	0,010989	152,162950098	8,14258660996
13	5,612269951	0,190476	0,00854701	161,534306993	7,67019726686
13,5	6,134428578	0,18315	0,00976801	176,508246065	7,01950207777
14	6,395240666	0,174603	0,00732601	183,982140189	6,73434931635
14,5	6,656052754	0,164835	0,00976801	191,452222029	6,47158850843
15	7,243414403	0,167277	0,01221	208,260450328	5,94928128719
15,5	7,43955792	0,151404	0,00854701	213,8686018	5,79327675765
16	8,026385118	0,14652	0,00854701	230,631985853	5,37219499462
16,5	8,287731657	0,151404	0,00732601	238,089964013	5,20391527267
17	8,809890284	0,135531	0,00732601	252,975678612	4,89770402751
17,5	9,070702372	0,135531	0,01221	260,403126844	4,7580073827
18	9,592860999	0,125763	0,00976801	275,256874073	4,50124998393
18,5	9,918876109	0,124542	0,00976801	284,51944956	4,35471108185
19	10,115019626	0,117216	0,00732601	290,087760324	4,27112125867
19,5	10,636643802	0,115995	0,00854701	304,879411212	4,06390183933
20	10,963193363	0,115995	0,00976801	314,126564829	3,94427004502
20,5	11,224005451	0,106227	0,00976801	321,504865339	3,8537519446
21	11,746164078	0,10989	0,00976801	336,256412716	3,68468809261
21,5	12,007510617	0,111111	0,00732601	343,629325333	3,60562940547
22	12,594337815	0,106227	0,00732601	360,158172391	3,44015517341
22,5	12,790481332	0,108669	0,01221	365,67450306	3,38825920219
23	13,377842981	0,0989011	0,00976801	382,167545449	3,24203353935
23,5	13,573452047	0,0952381	0,00976801	387,65139447	3,19617062566
24	14,160813696	0,0964591	0,00732601	404,09051563	3,06614471777
24,5	14,421625784	0,0915751	0,00976801	411,376631245	3,01183855838
25	14,943784411	0,0989011	0,010989	425,938025658	2,90887388625
25,5	15,204596499	0,0903541	0,010989	433,198098489	2,8601233577
26	15,53114606	0,0940171	0,010989	442,275393834	2,80142195852
26,5	15,988101665	0,0879121	0,00732601	454,953481437	2,72335535511
27	16,314116775	0,0866911	0,00854701	463,981025999	2,67036781802
27,5	16,836275402	0,0854701	0,00976801	478,408477009	2,58983705253
28	17,09708749	0,0781441	0,01221	485,600014016	2,55148262817
28,5	17,488840073	0,0842491	0,010989	496,383101805	2,4960559606
29	17,880592656	0,0818071	0,00732601	507,142983942	2,44309798071
29,5	18,141404744	0,0818071	0,00854701	514,293337235	2,40913095756
30	18,728766393	0,0866911	0,00854701	530,357035015	2,33616209119
30,5	18,924375459	0,0769231	0,010989	535,694440326	2,31288568021
31	19,511737108	0,0769231	0,010989	551,683467553	2,24585305319
31,5	19,772549196	0,0744811	0,00732601	558,764747794	2,21739113803
32	20,294707823	0,0757021	0,00854701	572,906878326	2,16265513101
32,5	20,556054362	0,0805861	0,00976801	579,967386877	2,1363270212
33	21,077678538	0,0744811	0,010989	594,02330406	2,08577675578
33,5	21,339025077	0,0805861	0,010989	601,047223453	2,06140208565
34	21,599837165	0,0744811	0,00732601	608,04431208	2,03768043773
34,5	22,121995792	0,0793651	0,00854701	622,014820042	1,99191395458
35	22,38280788	0,0805861	0,00732601	628,973650453	1,96987584314
35,5	22,904966507	0,0757021	0,00976801	642,86626114	1,92730599643
36	23,231516068	0,0769231	0,010989	651,527411986	1,90168514357
36,5	23,753674695	0,0805861	0,00732601	665,332655505	1,8622263461
37	24,014486783	0,0793651	0,00732601	672,207590109	1,84318061597
37,5	24,275298871	0,0989011	0,01221	679,068595942	1,82455794216
38	24,797457498	0,156288	0,00854701	692,762239708	1,78849239895
38,5	25,058804037	0,404151	0,010989	699,594535005	1,77102584141
39	25,645631235	1,00855	0,00732601	714,8825126	1,733151921
39,5	25,906977774	1,84493	0,00732601	721,667052378	1,71685820479
40	26,429136401	2,69963	0,010989	735,177149133	1,68530809406
40,5	26,689948489	3,26007	0,00854701	741,902487516	1,6700307936
41	27,212107116	3,55067	0,00976801	755,32060862	1,64036302712
41,5	27,472919204	3,69963	0,00854701	761,999379254	1,62598557654
42	27,734265743	3,76435	0,00732601	768,675997891	1,61186247964
42,5	28,255889919	3,8022	0,01221	781,953974684	1,5844922337
43	28,517236458	3,81563	0,00854701	788,582265643	1,57117406006
43,5	29,039395085	3,82418	0,00976801	801,776017966	1,54531935632
44	29,300207173	3,84737	0,00854701	808,34127298	1,53276844993
44,5	29,887568822	3,84982	0,00732601	823,065007702	1,50534889517
45	30,14838091	3,84249	0,010989	829,575295875	1,49353531399
45,5	30,670539537	3,84371	0,00976801	842,557421096	1,47052292102
46	30,931886076	3,84615	0,00976801	849,028917516	1,45931425236
46,5	31,453510252	3,84982	0,00854701	861,892494716	1,43753427208
47	31,714856791	3,85959	0,00732601	868,310667738	1,42690864691
47,5	32,040871901	3,86569	0,00976801	876,291637648	1,41391284222
48	32,497827506	3,89133	0,00976801	887,430269007	1,39616603498
48,5	32,758639594	3,86813	0,00976801	893,762499357	1,38627431884
49	33,280798221	3,88278	0,00854701	906,384150914	1,36697006314
49,5	33,607347782	3,89621	0,00732601	914,239334253	1,35522499807
50	34,128971958	3,89744	0,00976801	926,725346088	1,33696569888
50,5	34,390318497	3,88767	0,00854701	932,952327009	1,32804213477
51	34,6512909203	3,88034	0,010989	939,151024816	1,31927663098
51,5	35,1733426571	3,86813	0,00854701	951,492359002	1,30216494991
52	35,4343685255	3,86935	0,00732601	957,633467805	1,29381443073
52,5	35,9564202623	3,8486	0,00854701	969,855931547	1,27750932865
53	36,2827025978	3,85592	0,00976801	977,454148123	1,26757864027
53,5	36,8047543346	3,84249	0,00854701	989,545259893	1,25209027845
54	37,065780203	3,82418	0,00976801	995,560071508	1,24452560469
54,5	37,5878319398	3,83272	0,00732601	1007,52758202	1,22974300864
55	37,9141142753	3,8083	0,00854701	1014,9648633	1,22073191378
55,5	38,4361660121	3,78022	0,014652	1026,79595057	1,20666623132
56	38,6971918805	3,76435	0,00854701	1032,67958887	1,19979131315
56,5	39,0887306831	3,73016	0,00732601	1041,46482107	1,18967052456
57	39,4802694857	3,73626	0,00976801	1050,20141846	1,17977368743
57,5	39,7412953541	3,68987	0,00854701	1055,99859581	1,17329701471
58	40,328603558	3,6569	0,010989	1068,96192763	1,15906840831
58,5	40,5896294264	3,64347	0,00976801	1074,68743663	1,15289335092
59	40,981168229	3,60195	0,00732601	1083,23384113	1,14379735284
59,5	41,3074505645	3,5641	0,00854701	1090,31722016	1,1363665336
60	41,7642458342	3,53114	0,013431	1100,17449732	1,12618498522
60,5	42,1557846368	3,48962	0,00854701	1108,56795789	1,11765813831
61	42,4168105052	3,44811	0,00732601	1114,13486213	1,11207362961
61,5	42,938862242	3,40415	0,00976801	1125,1991842	1,1011383739
62	43,3956575117	3,35043	0,00854701	1134,80386921	1,09181862489
62,5	43,7219398472	3,2906	0,010989	1141,62023264	1,08529961591
63	44,1134786498	3,26984	0,010989	1149,75098007	1,07762465218
63,5	44,5050174524	3,23565	0,00732601	1157,82803589	1,07010709845
64	44,8312997879	3,20147	0,00732601	1164,51762912	1,06395984828
64,5	45,2880950576	3,16239	0,013431	1173,81956647	1,05552849466
65	45,6143773931	3,10501	0,00854701	1180,41816215	1,04962803838
65,5	46,1364291299	3,07204	0,00732601	1190,89620341	1,04039293807
66	46,3974549983	3,01832	0,00854701	1196,09820285	1,03586812274
66,5	46,6584808667	2,9939	0,00854701	1201,27537737	1,03140380911
67	47,1805326035	2,93529	0,010989	1211,55482234	1,02265285661
67,5	47,506814939	2,91087	0,00854701	1217,92845228	1,01730113759
68	47,9636102087	2,85348	0,00732601	1226,78513343	1,00995681007
68,5	48,2246360771	2,81075	0,00732601	1231,81112011	1,00583602451
69	48,7466878139	2,76801	0,01221	1241,78629124	0,997756223223
69,5	49,0077136823	2,72772	0,00976801	1246,73526867	0,993795580452
70	49,5297654191	2,67766	0,00732601	1256,55549368	0,986028875155
70,5	49,7907912875	2,64347	0,00976801	1261,42653743	0,982221289335
71	50,3128430243	2,59829	0,00976801	1271,08998197	0,97475396516
71,5	50,6391253598	2,5641	0,00854701	1277,07609848	0,970184941582
72	50,9001512282	2,51526	0,00854701	1281,83518218	0,966582925191
72,5	51,422202965	2,47741	0,00854701	1291,27343818	0,959517917247
73	51,6832288334	2,44689	0,00854701	1295,9524146	0,956053622062
73,5	52,2052805702	2,40659	0,00976801	1305,22957872	0,94925829157
74	52,5315629057	2,37241	0,00976801	1310,97282866	0,94509967935
74,5	52,7925887741	2,33211	0,00854701	1315,53682725	0,941820840233
75	53,3146405109	2,2906	0,00732601	1324,58281869	0,935388850371
75,5	53,5104099122	2,24542	0,00854701	1327,94675495	0,933019336338
76	54,0977181161	2,21123	0,013431	1337,94538765	0,926046766509
76,5	54,3587439845	2,16606	0,00854701	1342,34416209	0,923012171536
77	54,8807957213	2,0757	0,00732601	1351,05803951	0,917059048365
77,5	55,1418215897	2,00366	0,00854701	1355,37296164	0,914139528433
78	55,6638733265	1,91331	0,010989	1363,91832494	0,908412166144
78,5	55,9248991949	1,86447	0,00854701	1368,14858876	0,905603389999
79	56,4469509317	1,82662	0,00732601	1376,52384174	0,900093381919
79,5	56,7732332672	1,80342	0,00854701	1381,7003868	0,896721179088
80	57,0342591356	1,76435	0,00854701	1385,80936918	0,894062363523
80,5	57,5563108724	1,75214	0,00854701	1393,94096216	0,888846826112
81	57,8173367408	1,71673	0,00976801	1397,96340399	0,886289295176
81,5	58,3393884776	1,7033	0,00976801	1405,9211609	0,881272744487
82	58,600414346	1,70208	0,00854701	1409,85631083	0,878812961637
82,5	58,8614402144	1,69719	0,00854701	1413,76219929	0,87638501059
83	59,3834919512	1,72405	0,00976801	1421,4858682	0,871623156947
83,5	59,6445178196	1,75458	0,00732601	1425,30348834	0,869288548112
84	60,2318260235	1,78755	0,00732601	1433,78485453	0,864146385761
84,5	60,4928518919	1,79487	0,010989	1437,50604645	0,861909418092
85	61,0149036287	1,81563	0,00976801	1444,85884771	0,857523212019
85,5	61,2759829422	1,80708	0,00732601	1448,4910449	0,855372909871
86	61,6675217448	1,79976	0,00732601	1453,88182867	0,852201310703
86,5	62,0590605474	1,79365	0,010989	1459,20471838	0,849092649163
87	62,3200864158	1,7558	0,00854701	1462,71546972	0,847054690848
87,5	62,8421381526	1,70574	0,00854701	1469,64582452	0,843060266171
88	63,1684204881	1,66422	0,00976801	1473,91537473	0,840618139439
88,5	63,6252157578	1,62271	0,00854701	1479,81241302	0,837268284209
89	63,9514980933	1,56166	0,00854701	1483,96701744	0,834924216937
89,5	64,4735498301	1,50672	0,00854701	1490,5142304	0,831256739945
90	64,7345756985	1,46398	0,00854701	1493,74146743	0,829460804978
90,5	64,9956015669	1,41026	0,00854701	1496,93770197	0,827689755138
91	65,5176533037	1,3602	0,00854701	1503,23689889	0,824221385805
91,5	65,7786791721	1,29304	0,00976801	1506,33973054	0,822523614616
92	66,3007309089	1,24664	0,00976801	1512,45153818	0,819199801594
92,5	66,6270132444	1,1917	0,00732601	1516,20768748	0,817170371996
93	67,1490649812	1,13919	0,00732601	1522,11520287	0,813998833768
93,5	67,4100908496	1,08059	0,010989	1525,02160399	0,812447506815
94	67,9321425864	1,03297	0,00854701	1530,73939144	0,809412762829
94,5	68,1931684548	0,982906	0,00732601	1533,55065911	0,807928967091
95	68,4541943232	0,92674	0,00976801	1536,33009806	0,806467309053
95,5	68,97624606	0,876679	0,010989	1541,7932597	0,803609687748
96	69,2372719284	0,84127	0,00976801	1544,476869	0,802213373903
96,5	69,7593236652	0,79243	0,00732601	1549,7478661	0,799484888546
97	70,0203495336	0,744811	0,00854701	1552,33514448	0,79815238636
97,5	70,6076577375	0,691087	0,01221	1558,0386409	0,79523059793
98	70,8686836059	0,655678	0,00854701	1560,52101599	0,793965596942
98,5	71,3907353427	0,617827	0,00732601	1565,38854985	0,791496782139
99	71,6517612111	0,571429	0,00732601	1567,77360759	0,790292676189
99,5	71,9127870795	0,534799	0,013431	1570,12612632	0,7891085813
100	72,4348388163	0,506716	0,00976801	1574,73335209	0,786799872091
100,5	72,6958646847	0,470085	0,00732601	1576,98796351	0,785674988439
101	73,2831728886	0,428571	0,00854701	1581,94109901	0,783215001352
101,5	73,544198757	0,393162	0,010989	1584,08916952	0,782152939269
102	74,0662504938	0,361416	0,00976801	1588,28663369	0,780085894901
102,5	74,3272763622	0,344322	0,00854701	1590,33594024	0,779080676384
103	74,5883022306	0,307692	0,00976801	1592,35223949	0,778094173683
103,5	75,1103539674	0,283272	0,00854701	1596,2856494	0,776176870639
104	75,3713798358	0,25641	0,00732601	1598,20267842	0,775245853813
104,5	75,8934315726	0,240537	0,00854701	1601,93718565	0,773438566192
105	76,154457441	0,212454	0,00854701	1603,75458635	0,772562093068
105,5	76,7417656449	0,185592	0,010989	1607,72198038	0,770655632704
106	77,0027915133	0,172161	0,00976801	1609,43106789	0,769837257846
106,5	77,459586783	0,157509	0,00732601	1612,34157266	0,768447592627
107	77,7858691185	0,136752	0,00854701	1614,35777034	0,767487865927
107,5	78,3079208553	0,1221	0,010989	1617,47476611	0,766008858972
108	78,5689467237	0,111111	0,00854701	1618,98292415	0,765295286023
108,5	78,8952290592	0,106227	0,00854701	1620,82086548	0,764427473999
109	79,3520243289	0,0989011	0,00976801	1623,30566537	0,763257362078
109,5	79,6783066644	0,0769231	0,00732601	1625,01735991	0,762453393158
110	80,2003584012	0,0720391	0,00732601	1627,64643571	0,761221830991
110,5	80,4613842696	0,0757021	0,00854701	1628,91031457	0,760631195539
111	80,9834360064	0,0744811	0,01221	1631,33662305	0,759499898729
111,5	81,2444618748	0,0598291	0,010989	1632,49900231	0,758959116206
112	81,5054877432	0,0549451	0,00732601	1633,62749918	0,75843483329
112,5	82,0927959471	0,040293	0,00854701	1636,04261448	0,757315236799
113	82,3538218155	0,029304	0,00976801	1637,06083548	0,756844200989
113,5	82,5495912168	0,025641	0,00732601	1637,80220491	0,756501607023
114	82,5495912168	0,018315	0,00976801	1637,80220491	0,756501607023
114,5	82,6148423394	0,015873	0,00854701	1638,04505961	0,756389448954
Vernier Format 2
Si_Lampe.cmbl 06.10.2014 11:57:35 ,
Latest 2
Time	Winkel	Pyro	Sample	Wellenlänge	Energie
t	Pot	Pot	Pot	Lambda	E
s	°	V	V	nm	eV

 	 	 	 	 	 
