fitting info
============
𝜒²:		349.900282126
DoF:	296
𝜒²/DoF:	1.18209554772

parameters
==========
0	a	0.0142081224157	±	0.0066036190615
1	b	-3.93160951434e-06	±	2.02246720354e-06
2	A	0.0053490847664	±	0.000417912430341
3	c	3135.85426854	±	4.68523327406
4	s	54.9697337462	±	5.97163307585

covariance matrix
=================
4.36077847093e-05	-1.33421196266e-08	-1.44398626756e-06	0.0223552841563	-0.0207946948839
-1.33421196266e-08	4.0903735894e-12	4.23700712261e-10	-6.85421912531e-06	5.99379102515e-06
-1.44398626756e-06	4.23700712261e-10	1.74650799434e-07	-0.000673542232064	0.00096899885266
0.0223552841563	-6.85421912531e-06	-0.000673542232064	21.9514108323	-11.4319320288
-0.0207946948839	5.99379102515e-06	0.00096899885266	-11.4319320288	35.6604015926

correlation matrix
==================
1.0	-0.998990434953	-0.523233764787	0.722548432349	-0.527323863249
-0.998990434953	1.0	0.501293897005	-0.72334465672	0.496280252423
-0.523233764787	0.501293897005	1.0	-0.343991985215	0.388279855232
0.722548432349	-0.72334465672	-0.343991985215	1.0	-0.408597118698
-0.527323863249	0.496280252423	0.388279855232	-0.408597118698	1.0

