fitting info
============
χ²:		2108.43441951
DoF:	1194
χ²/DoF:	1.76585797279

parameters
==========
0	a	0.00158531319126	±	4.19532291202e-06
1	b	42.6507664826	±	0.252006236778
2	A	5.3986170732e-09	±	1.02354012239e-11
3	t_{c}	1.59928708152e-05	±	1.86364883893e-09
4	#sigma	1.14481644777e-06	±	2.04357470208e-09

covariance matrix
=================
1.76007343362e-11	-1.01363145053e-06	-8.69324056061e-18	1.86665942882e-15	-1.28360366057e-15
-1.01363145053e-06	0.0635071433752	3.60937243784e-15	-1.15213967795e-10	4.92344220591e-12
-8.69324056061e-18	3.60937243784e-15	1.04763438214e-22	8.22899985899e-23	1.48324444227e-20
1.86665942882e-15	-1.15213967795e-10	8.22899985899e-23	3.47318699484e-18	8.01293138246e-20
-1.28360366057e-15	4.92344220591e-12	1.48324444227e-20	8.01293138246e-20	4.17619756299e-18

correlation matrix
==================
1.0	-0.958745622961	-0.202447040448	0.238745729154	-0.149718351035
-0.958745622961	1.0	0.00139931515292	-0.245318195346	0.00956020131192
-0.202447040448	0.00139931515292	1.0	0.00431397973127	0.709116091089
0.238745729154	-0.245318195346	0.00431397973127	1.0	0.0210395682199
-0.149718351035	0.00956020131192	0.709116091089	0.0210395682199	1.0

