fitting info
============
χ²:		7356.09485015
DoF:	2246
χ²/DoF:	3.27519806329

parameters
==========
0	a	-0.00210517941323	±	3.02648984377e-06
1	b	24.8018574077	±	0.26793491705
2	A	1.13410189688e-08	±	9.48178264772e-12
3	t_{c}	1.05203487764e-05	±	7.18435163136e-10
4	#sigma	1.25993298663e-06	±	8.66822651741e-10

covariance matrix
=================
9.15964077444e-12	-7.44508871683e-07	-8.86459829035e-18	9.29067170717e-16	-6.40597467199e-16
-7.44508871683e-07	0.0717891197746	-8.33693781006e-14	-9.1558360911e-11	-7.86791947734e-12
-8.86459829035e-18	-8.33693781006e-14	8.99042021785e-23	2.81075665048e-22	6.68596151121e-21
9.29067170717e-16	-9.1558360911e-11	2.81075665048e-22	5.1614908363e-19	3.03614250384e-20
-6.40597467199e-16	-7.86791947734e-12	6.68596151121e-21	3.03614250384e-20	7.51381509572e-19

correlation matrix
==================
1.0	-0.91812400442	-0.30890848908	0.42728762302	-0.244183179638
-0.91812400442	1.0	-0.0328161215753	-0.475643005615	-0.0338766409084
-0.30890848908	-0.0328161215753	1.0	0.0412615625959	0.813473902639
0.42728762302	-0.475643005615	0.0412615625959	1.0	0.0487533339216
-0.244183179638	-0.0338766409084	0.813473902639	0.0487533339216	1.0

