fitting info
============
χ²:		5043.19221738
DoF:	1994
χ²/DoF:	2.52918365967

parameters
==========
0	a	0.00178413717154	±	2.29129641229e-06
1	b	9.98598434757	±	0.124930457889
2	A	8.57336756308e-09	±	1.25512828852e-11
3	t_{c}	1.24578012316e-05	±	1.9366269259e-09
4	#sigma	1.63171222271e-06	±	2.25680123177e-09

covariance matrix
=================
5.25003924898e-12	-2.65001346192e-07	-1.71457284162e-17	8.01816712218e-16	-2.21947901036e-15
-2.65001346192e-07	0.0156076193084	6.21160199468e-13	-5.05069684132e-11	7.98011408315e-11
-1.71457284162e-17	6.21160199468e-13	1.57534702064e-22	-9.91612413251e-22	2.05683532662e-20
8.01816712218e-16	-5.05069684132e-11	-9.91612413251e-22	3.75052385014e-18	2.14480997651e-20
-2.21947901036e-15	7.98011408315e-11	2.05683532662e-20	2.14480997651e-20	5.0931517997e-18

correlation matrix
==================
1.0	-0.925760130762	-0.596192553401	0.180695718849	-0.429216547591
-0.925760130762	1.0	0.396138607885	-0.208755056611	0.283039767044
-0.596192553401	0.396138607885	1.0	-0.0407950876902	0.726136210894
0.180695718849	-0.208755056611	-0.0407950876902	1.0	0.00490737837862
-0.429216547591	0.283039767044	0.726136210894	0.00490737837862	1.0

